85457
19300
70227
7280
80108
6438
55232
21793
37414
81525
24338
1721
24289
88611
50331
75388
95575
53424
58210
92100
62785
56832
71328
53932
8835
33153
70756
19459
97928
39539
69321
81931
61482
60652
68483
4948
21518
37580
77211
71580
17830
40141
8129
56519
1327
1797
7972
2486
484
27467
93884
78208
53896
22504
83799
73713
11391
17965
59765
94030
51707
71796
38293
56017
92550
45616
10697
7864
85649
64954
90581
21482
64652
10092
70510
46940
8397
96161
91788
12840
98844
66844
86124
31749
6881
140
22883
72928
9749
65976
37647
27112
25139
14787
79126
18025
26554
2458
71646
78579
37987
73710
67270
8634
18873
93417
4849
333
46026
92634
62251
44134
45332
66302
56028
74097
17744
47510
26178
33313
95750
27655
32971
87041
34722
67122
94274
855
66933
93164
97139
95377
30060
4436
70558
14062
5817
73639
15081
23261
47292
46226
43318
5267
70991
52758
18204
2530
55190
68460
48166
38992
29553
4773
99762
8778
12068
47478
98510
1290
30279
24815
38792
87849
13658
72190
42625
72601
34023
90017
52659
38978
933
2135
47515
88664
39425
87015
96691
81620
81276
60124
84591
90330
42745
77132
20153
70483
64994
65401
65085
37654
76835
71738
65380
81156
85729
62026
25526
76545
68249
69274
35549
25629
54649
25681
79635
15238
60824
80030
99835
15744
32435
77961
33307
81815
93965
12497
56080
55047
97211
55431
52185
28504
52266
19211
5545
55988
61540
34099
27203
43475
70846
46697
37664
75065
29348
56946
69718
69682
51648
17730
50004
61338
13602
47290
9507
55854
47370
54520
52221
37801
39017
29337
76715
18733
24270
65836
53898
49430
31451
68480
46045
98318
58283
27560
15667
56716
40782
95522
79800
96564
19019
98141
8058
27759
84548
27978
30825
40017
13828
36188
30701
97145
12231
78792
53579
41753
66873
1766
28578
76685
44823
40593
79109
35189
11806
2401
30114
41971
31782
61611
65623
99751
77940
26671
8701
3490
86322
93169
59863
89368
17228
29987
79313
90440
16023
63671
9565
8986
90769
75178
32682
33730
51626
35084
70264
90070
40963
32701
70982
36463
60387
57198
86936
19650
80230
25467
1748
42538
52841
22902
26060
80451
84820
87685
96909
55039
71303
29860
58754
64177
76321
10822
33358
2980
93103
90286
51335
63010
12668
76979
31349
2501
95628
95912
36632
31995
34534
61427
55797
51665
1615
89374
40698
39254
46870
33793
24307
57815
22552
68403
3185
64920
16703
86542
33251
2177
63593
2771
73391
32688
32965
46354
23904
96444
53502
58728
23907
33472
72851
97191
93963
35123
87546
10612
80565
17655
82204
21926
20470
83449
8933
40606
67308
66403
22765
56234
22880
89768
66384
20013
80269
84596
87965
68917
63939
8023
8019
40727
7246
74203
19214
23412
18891
48984
70581
19936
94766
94093
12130
38275
84161
82239
76168
37443
48084
33407
65991
6087
81965
50915
75349
6282
27762
63463
93770
97420
30814
58554
56837
42986
6790
69292
49156
82866
40522
76279
70982
34700
16648
68317
40254
99508
24109
63466
15198
98736
18434
24494
38785
86113
5666
19516
38470
93445
81374
73850
97788
8683
51081
71808
19896
95343
28140
65734
20877
82079
6070
19185
19798
40406
43308
33832
38410
27442
75544
23562
80529
51572
90940
14151
50292
74070
64247
7826
15894
75701
35027
33117
25691
25659
78476
11650
88092
75479
92616
98418
61593
12945
27846
10478
86355
62210
65441
53258
641
29920
52794
70773
68572
52139
61483
82129
93597
32752
85275
90240
12545
79385
35497
88281
28421
46883
11475
30763
13110
77772
74945
11431
26607
46306
30519
91583
98107
16127
60128
95382
24846
79063
761
67526
59470
78412
90575
26404
46217
29492
67146
45811
24086
35752
55593
18411
59127
45274
17671
87519
16902
26968
5105
12620
79834
11742
33980
96344
53405
31325
89837
28952
23180
96568
5284
862
78806
5273
94489
63365
92570
90927
91590
31821
75161
41949
52703
94666
95542
75606
23296
27251
11401
96182
62714
86614
71978
68593
31864
82320
90532
2616
88619
94574
90864
18997
75683
85024
549
50282
7613
29607
61447
75496
66216
40450
20011
15751
80242
23837
22318
61587
98494
86286
28805
9886
5665
88578
54237
1269
27601
32831
46776
62468
24818
64873
41354
7172
62514
96718
3573
23804
940
3429
54636
70153
57786
38486
86958
48758
248
68447
95232
74730
61470
17893
1545
39576
76224
54554
32833
81249
34058
8156
82408
96607
18596
15243
81779
47497
19606
84777
57487
57793
92229
96354
52456
82257
34955
2169
93805
19911
38223
2456
26690
57880
44400
97917
41145
25667
86106
74154
29759
28150
29876
60120
23981
66556
91782
43012
57897
76328
14768
14061
24271
67276
49328
19976
27077
86687
8773
43944
10659
87862
76559
53021
35273
3568
10924
46722
9294
55721
70680
59526
6142
21966
17033
30754
11442
99186
30676
58319
63487
77135
94037
88369
2063
19392
20210
40162
47840
61824
59142
41609
90654
3594
21348
33138
54506
91209
27563
6412
44609
94888
72343
88678
53706
98183
24093
42144
75068
19050
16824
66932
75417
61797
28869
84101
57289
37211
12800
99809
9421
99106
15951
21321
45767
72513
14052
38401
51847
76807
47450
16601
92623
15396
55556
7934
76313
15254
21783
34767
18089
12013
12508
79938
79357
94620
41249
29902
20187
97386
47387
4018
81854
33403
17956
58076
88550
17795
16510
51580
21389
23056
84530
88750
98492
5332
44464
9639
39859
28591
99562
5280
37213
75667
25928
56717
28430
16024
30333
54180
53429
22033
26272
99619
80554
21819
63960
32505
37772
44618
5244
90684
62371
96054
54250
65487
15136
14607
7332
80465
51028
36314
2594
59670
48293
44559
19984
9551
44666
91842
44221
85939
97430
67836
43364
31676
22958
95321
14219
11672
65747
73110
42476
70458
57064
78341
18355
76933
551
2714
76923
7147
30456
40922
83909
72807
4574
23549
75950
97029
77180
52439
70628
10262
63672
95406
72932
25022
35355
64355
38969
12817
45771
28309
58881
40852
57692
72179
12972
83319
94871
30198
16308
69532
8251
54656
25950
6902
19002
51443
2201
60714
57349
78416
56909
97752
50354
49451
41887
71685
22100
44169
52119
36251
91002
65333
19873
18790
91335
73131
38803
872
45084
6320
11755
58305
47523
75703
33887
65907
43940
65771
34614
34778
9502
26422
38116
68589
20193
69515
31947
33633
37531
94314
80419
15622
69029
41331
76770
51784
39071
19197
24738
55991
9574
64140
82445
74283
58629
65778
906
119
53326
81590
65204
27404
45680
66317
79286
77077
54606
51683
21610
85204
27184
88169
53567
23006
27862
46659
50104
72367
37708
6447
76098
91133
88213
27159
93742
59456
84457
9657
71538
1990
28267
31107
28126
75377
34989
95876
53931
42329
47313
1367
81185
8214
35231
754
91297
68196
83650
55302
72497
33610
62959
27202
14432
41384
862
57358
1891
23510
83156
46588
87627
47786
90080
21812
42324
76658
49905
26336
38684
6437
4091
27047
21903
83659
10461
5966
86385
26163
73516
39346
48428
1532
47210
89227
32389
8350
68589
5462
35153
35762
85321
60377
84898
18993
80388
90569
8029
25009
26537
90221
38374
8909
34935
44859
84896
49415
89495
65328
79670
43348
77327
83618
8264
31970
53697
68057
71850
29300
62129
44832
53481
31717
93717
4528
34290
11083
45672
30987
82624
79457
43965
37738
21061
10789
39606
53267
1797
91209
37040
76513
60885
6117
37923
2852
12641
77352
6567
38534
22768
71412
69787
53917
40859
56620
19374
12080
31002
43851
28314
90879
88571
9673
48242
25719
60165
12800
52656
93845
27436
15899
29422
24878
79390
40244
9441
22632
42083
86351
98076
6757
88660
90294
83404
78123
46990
54892
49343
43491
76469
13759
33040
89588
3253
10754
74225
34630
31961
9649
28428
19577
85073
74445
82905
52604
76843
83516
71180
71435
14079
78821
2364
93713
90119
56253
3445
67523
53907
18641
14635
10877
13231
21206
56843
29803
18808
34767
8364
10405
84949
94824
8199
92604
8537
26775
73417
22091
89998
69505
6484
2889
37667
5061
94491
88535
71810
83482
85214
7205
77021
34893
41204
78124
94487
45974
28220
14828
2755
73156
88615
48430
77951
10123
35129
20774
32291
79538
56420
78606
5100
12053
71871
40520
16272
72952
78165
64361
41888
92071
68592
46183
41657
13523
21536
97763
46845
29375
46222
43855
11781
21629
72573
90997
22823
53852
39033
89760
73765
54141
24745
58742
10770
58030
69131
83591
47503
84845
23435
76489
96108
10082
73140
31366
7840
888
60929
76232
50273
13224
78535
61134
35856
78942
36898
20981
64670
17267
97799
51580
29946
72115
7797
90332
12842
94442
20824
84236
22471
50654
55280
37879
96801
30577
64320
9168
68110
60752
72345
56678
92299
36091
95153
93071
27692
59026
96302
86945
67371
30073
97422
15814
99453
89838
48040
66389
34738
68618
97165
55858
41554
19816
42891
71458
60248
15452
53913
25555
65722
14859
47039
38839
80964
88055
20960
99605
71925
26666
28034
2188
38752
85740
48079
4916
43199
87365
31468
40988
14896
73231
60476
15128
18967
29867
7679
52689
2211
25805
80441
80268
97676
24373
58345
55314
50056
41193
38999
13358
15177
78965
93196
31294
818
13785
81312
25775
85626
46920
18652
25377
53707
80668
99786
93645
24796
67946
81038
78229
88894
28300
62999
51924
88047
15154
80687
97628
52573
8111
57520
30780
76002
70568
90765
6718
51502
80380
27545
33954
98473
85662
67846
98712
2240
95119
22102
35741
75836
39
32805
32182
95627
85598
74091
75601
65324
40924
55888
64788
27306
22291
7677
39341
56653
11154
84004
12575
17551
38107
34805
85134
47264
43462
87958
94182
58359
61605
22651
1510
77664
44959
73210
29665
30629
72517
97335
32125
94364
74021
1598
46880
20110
18472
7188
7998
34587
92000
45420
96466
67827
43849
49531
97872
62493
68369
69144
94223
36984
35186
45016
78620
27988
19438
90553
50900
5716
50555
40584
3709
25667
14254
39642
84925
45171
61387
1362
86480
60222
56313
4552
86448
62612
57663
10883
11763
2722
31107
3681
18341
22820
75330
95642
6911
19226
66695
66470
16495
79910
5711
33984
6471
38110
45132
84580
76396
79269
79808
42785
76628
97784
99996
47496
24971
73147
59132
46363
255
55115
36526
88594
3699
34186
97911
37179
13349
5699
15477
50277
99073
97126
92360
37405
24374
95778
35137
65083
19777
20043
6862
32287
60761
89367
83617
90093
4155
84597
57156
14479
11715
69760
36085
75523
93552
17533
42855
34638
6600
90662
97209
28061
19894
85421
40032
46617
82548
2316
80540
16677
1168
6999
27745
88964
39161
23526
53873
7280
81545
45168
8798
98253
41960
87696
61572
92321
89450
92742
8441
55903
53655
1042
92614
38212
96899
5372
5537
53304
99689
20665
15991
74931
6203
42371
63267
1317
64617
54696
59752
59945
55428
64967
73680
4076
78108
33412
53106
49052
86801
8994
79427
83007
76416
22407
67073
91774
7159
42130
59107
82343
10732
74075
27670
44268
34143
41474
86718
53278
65894
17480
36852
84404
69414
75968
13149
3955
60894
84470
14302
36841
12429
71793
18538
72552
8610
19245
23167
88710
24680
49792
35469
14087
43564
47250
96739
93326
89190
41271
45081
36183
89410
66517
65808
21622
94924
43325
76646
69949
23793
77928
94444
86952
57379
8432
43422
7873
1239
90086
24801
78487
91392
62177
96114
78094
12450
39741
18508
1268
59471
17037
87220
29961
15925
17876
55364
8774
71993
18808
51045
36607
67944
33397
79718
5804
53610
58539
51353
18181
31078
45447
14933
26253
3852
54446
96619
82452
70492
1205
83172
800
70658
48810
74314
52548
61222
15896
56674
85648
97006
33391
89197
83570
76721
83472
38388
77182
98004
77048
41436
57002
41933
84205
14802
45069
64554
70934
95610
46385
53357
26176
92380
2174
76506
86375
79051
5013
66175
18870
9380
46909
76179
2982
14726
61202
65992
65456
12771
7429
82177
96874
96877
57640
67186
48182
76212
99884
27734
14034
92967
79977
71772
12232
84550
46314
68821
8967
87035
64749
95702
82974
53740
92022
87812
61779
62286
3595
99905
28878
73721
47021
5224
15304
951
20283
53904
13232
30303
46932
86554
8894
9691
91408
36334
66512
4752
74648
84511
31049
85682
47496
51518
34510
26653
59440
6786
62201
33234
77243
26646
30871
80891
20587
63529
49761
80326
89101
31045
68310
57659
76907
82681
34699
61890
17519
14362
9803
17476
62359
67652
75939
45048
11183
96018
29514
60161
74123
90624
62687
36210
63767
13947
81026
6406
2563
95510
29412
75142
40025
81664
54306
3854
33847
57984
67511
56741
89068
90127
33972
90499
88347
43742
90739
43299
66592
59017
73008
73534
21660
37233
21697
30203
75606
13507
38535
52081
40047
40008
15703
29792
47348
44974
89575
77121
3012
49042
5028
86220
16846
76073
60126
38982
37501
42621
81371
92664
51992
16956
1490
5851
8178
44179
26028
29734
48275
94741
34134
5030
39909
81896
16970
9433
59312
7531
34752
43575
95119
91865
5038
47450
86244
79453
85745
1340
1833
72189
43153
18692
19314
83130
16488
64154
40286
38148
16591
7253
7762
59318
39691
52453
29
84284
41423
71054
27909
78251
13709
84849
21220
44622
25246
26506
56940
30534
86459
59524
75901
91278
47895
27101
36721
78260
16933
25913
98004
29928
95603
48182
96266
48186
10371
32927
80341
74748
15856
48824
89140
75086
56743
99784
64939
81197
74275
3214
23958
23123
13289
22384
66065
75270
72499
65888
17607
82985
86578
17133
47127
72412
26963
45785
9192
38639
9560
6709
47963
80309
67460
37536
26735
64906
40052
80909
202
34625
49895
5647
76845
73620
27194
35296
20193
11466
44900
60816
52440
35801
99425
48865
986
57188
85934
95923
53623
63470
15887
18391
79502
86916
60198
17510
67198
91322
86653
88423
80108
70129
39077
31335
37853
40942
22809
1953
73580
14916
85526
86801
14082
32238
58339
52662
75786
47351
47456
20285
5988
35846
38803
83551
24330
15415
30538
76124
8711
46154
90824
71117
4616
1614
57535
77794
39574
28671
37359
68556
14431
77129
14875
48104
13506
24492
34366
63773
14193
16429
10582
33677
68420
30412
85674
83218
22600
26982
16467
78721
1617
69578
15786
84813
68229
18627
9653
31196
40661
71926
25949
66913
28348
41162
80318
33751
88060
69920
35587
86043
190
25677
78727
36091
59037
41290
88490
57628
34952
18361
90251
51301
3498
3511
94622
75198
23427
99458
84536
82877
17865
34778
57132
39271
50777
80260
29756
30336
56316
30572
19077
91711
50505
89855
12583
6328
29929
7944
23955
21231
94036
6139
98232
79264
59954
53709
68731
95946
47901
13744
44580
15960
9240
2843
80780
6733
38000
19691
96023
19133
25634
24535
37518
16199
20956
59987
76829
95408
51517
6241
6012
95555
98633
45126
11471
11958
23738
44560
71149
91747
48595
35734
85523
34985
6311
4512
54911
5568
72858
39930
62224
59618
31015
10970
5877
52668
28660
45909
14972
72231
96653
94636
40789
97999
98877
13489
96142
50225
45808
69216
62276
48741
78733
97230
62132
54772
9790
73492
48666
33105
3392
76576
44951
26713
77085
21707
38645
36300
67695
10904
74870
73688
99256
87563
21010
44907
33281
65502
80690
10756
73313
38210
33521
97204
29539
6576
59458
60449
91728
57267
46515
67376
52441
72077
58441
71583
20828
33715
41923
60240
81960
52133
71347
99954
45957
22939
77128
74060
93772
34344
5320
15488
39681
60017
92986
65977
93664
21088
63576
72861
36671
73854
17786
63752
96529
68516
95453
98599
43815
13042
44640
86401
17734
62728
22471
97620
56979
63679
49570
50053
88540
68627
53130
51102
85967
32489
94573
18016
10223
44768
85673
84788
15203
98239
3727
48992
77749
10307
31746
67090
33805
67799
50198
44670
42236
36769
3624
61552
78199
71439
49842
12193
64449
62550
39568
52465
62815
1883
76538
61687
8022
42326
39956
78035
33008
50464
84664
73720
45201
6711
32176
94290
90741
87460
53641
53859
62866
56428
17124
50212
38372
38313
64143
19044
89952
53101
40
71724
98460
47955
29959
71435
66727
21442
94363
53537
75933
30964
66327
56583
31708
22342
49342
40865
59264
4004
63021
16428
79915
854
13849
21019
20500
28123
8931
99975
96730
21667
78091
96
89711
22284
74757
35271
11999
6857
63131
85541
13800
89960
87904
6199
64409
64701
14942
52426
67121
84406
74303
86707
77448
32454
5670
81642
17292
77105
37289
23894
8368
74532
43539
76627
98565
65276
20969
77647
94287
62176
79390
16954
77596
91693
54477
4712
34915
92225
80554
62107
21170
31322
12185
99849
35410
41998
83014
96079
63071
91399
23994
977
29132
22122
66836
31493
37208
15776
24640
61508
30303
31936
58387
9813
81720
78924
83576
77353
78733
2076
33922
25867
86459
88447
59592
54682
37693
24598
53891
33132
48220
95444
65772
67271
61095
99817
70476
18508
35728
49135
22307
75164
10715
87022
63429
47264
32760
9868
83022
96854
35404
96584
11387
18071
86136
83189
92770
74792
62289
40653
74541
28424
44297
7287
8514
65877
11980
40253
91232
31537
55851
84675
52500
51970
39310
71661
35473
46008
87157
91625
82245
96125
33563
90368
25724
89916
44716
8309
23804
65223
9004
4918
87602
68847
22325
9927
70531
87266
62303
69916
47245
16399
32806
59722
36234
91222
68595
13258
25208
51145
93390
30138
87157
74097
14339
30574
59374
9304
90972
98292
15426
80992
88524
10325
18928
55047
60882
86115
62546
14914
64868
46334
71358
80464
29407
79697
22097
37833
50613
58573
57147
58898
37134
86533
78601
82578
90302
98807
35510
99946
12978
85262
83594
28876
67537
70014
57965
26875
29925
17081
75267
29455
65639
5970
4999
57099
35771
12183
14423
80890
18004
68769
7661
97051
55636
5865
77369
49701
40639
93580
31817
49035
47489
88149
69835
26866
50855
53090
975
30220
41286
5948
44271
72040
71869
47398
98196
38468
99441
48277
12458
31351
48176
67529
60458
34747
26676
81453
28256
25845
9112
58964
89763
8976
85714
32031
45205
83332
43914
81247
50733
11322
96682
2925
12015
23347
61870
97015
55590
64937
12744
35314
90952
37560
39178
20234
28077
56559
10754
10225
53230
74542
96513
41246
37501
79302
7712
45525
44962
57409
19276
76588
40555
63738
24164
88235
22059
35156
10105
10303
62018
75758
17061
21867
79928
19776
76654
51480
9829
46428
9845
90038
57412
61471
92314
74764
28320
37776
29576
52798
5715
23341
51514
69320
72044
58584
29712
90432
69014
32689
58139
14789
54830
42285
98988
53383
14943
55831
90678
11208
83279
71790
99150
62290
57477
52981
88661
30244
35232
25511
96263
98481
59616
21079
27045
1287
41193
52021
45430
28977
24418
71566
47285
92488
58848
30501
359
11550
47319
94253
39153
11674
60709
76720
16702
34812
23470
98553
26588
40923
62191
28182
56006
90752
63473
7373
52645
50402
36134
12418
59186
64936
51253
9163
21776
99599
40698
77908
84781
80720
53572
84051
57867
69002
58332
53747
46925
30550
50892
90672
99827
25891
39988
43513
74845
44102
40148
43140
28256
88387
42666
71458
75672
87270
16224
10497
87496
33301
5918
90042
60040
79753
40106
51133
51054
78971
27315
24260
88157
72291
75793
67000
97091
12380
42271
72217
28023
4696
1745
26639
47058
76787
81909
79238
29851
82640
32533
39073
97035
7993
64993
60180
44665
49208
83011
60094
47247
4362
64526
74573
72754
40173
58604
69956
62749
39265
24738
1006
47454
86833
3809
59806
73230
90123
90291
25067
13427
56667
45629
89073
2725
31435
6790
55834
66113
22806
81718
24838
93708
39861
91722
8149
29275
14520
24030
24767
13535
73331
99781
78489
539
4829
73447
52610
97739
5757
31190
8950
69538
71484
83885
12557
24835
69979
58609
92254
52163
7353
39917
53185
27834
32047
13233
85594
7984
86734
79022
23651
92958
7338
71420
87620
54910
62638
95936
86081
87267
71079
36969
62776
23198
93526
40988
70786
45753
92197
46108
44041
14352
13888
65992
45683
78149
53035
7572
34068
40450
91406
61314
40670
19432
97475
96383
17535
28487
32834
87487
85149
29373
42333
80967
11108
51375
76680
13789
53996
94026
44673
70960
15388
64007
84030
67384
92760
81465
87243
73406
99020
58040
60697
46260
17357
846
70189
3485
65921
67336
88377
99229
26349
92084
60121
6993
1012
43871
68057
5999
12982
12716
59440
99929
62151
38365
26640
71664
91235
31814
17165
2957
10210
92411
98561
27719
58038
40933
33622
46709
95008
93067
1947
40919
2908
69144
37707
5989
49828
85560
45704
83031
94069
37903
22091
34429
31857
50661
15329
60670
65048
66984
78491
62724
8548
91417
36310
15263
94735
30128
56925
44682
18069
19388
57870
14235
64136
44794
58305
59730
9070
54510
28569
54003
14955
71106
79408
30929
77069
58676
90881
98593
37198
174
25047
72227
18035
86220
83828
87092
76818
97380
8281
12856
43415
87274
7292
26372
95969
90413
35516
71599
39820
22818
5062
11381
38494
17049
43630
65425
21084
6246
13131
61087
65898
52667
72201
89309
21336
51649
16627
15212
63172
94063
81552
83662
14842
18898
51080
367
38209
87825
74937
25554
24403
4941
6279
47891
94270
70550
74840
68883
57164
78184
11388
45335
90847
41680
26384
6545
58860
732
51795
96974
2797
30015
40988
22911
61197
56960
17113
62735
75475
67315
94913
58277
47348
31200
54438
62849
13915
24267
37999
36574
93236
32889
8438
90782
88652
45715
49420
79577
14958
67839
64425
150
70519
62245
53504
87198
39733
71834
12484
87268
94249
99735
64311
54042
11509
16
73193
23046
68170
15682
64018
27458
28914
82707
88602
40431
2328
13585
21804
9574
8325
81231
61487
26483
72622
3676
86035
7405
91729
31039
80356
96788
3743
4575
19078
34278
90805
82421
16067
21041
76766
97955
65291
44204
31786
63410
99019
93156
15475
4007
78978
25493
51549
86173
67316
17268
8798
94449
92748
39705
2387
17751
85181
80443
70232
14542
39085
99634
61126
79544
62174
88688
77000
5849
54044
92349
32484
90551
25061
10571
82129
3144
92138
58785
21765
77385
70756
7554
70572
5193
12694
93164
74815
2479
77585
20007
52185
57518
79762
81620
15787
37074
81294
24998
71253
65209
78512
58494
27786
70224
63332
65982
29290
57057
78522
13824
82895
99911
14012
67064
35197
98275
41590
93990
3019
24327
51148
25672
53804
15865
81866
15587
11705
64533
27132
54242
86252
86376
88293
954
2435
60764
97909
83541
36375
40128
19
93361
75368
78571
28340
36021
58346
76994
68416
32111
90299
50321
92818
31854
52537
79516
88522
38832
75826
75605
75827
11665
2157
19264
29856
31376
53559
91636
23111
59519
12849
39580
80492
45530
29599
18503
60848
24883
2855
50450
17826
19731
31135
31356
37165
36021
47753
79167
81909
65080
89893
42568
37969
57849
26188
48856
48435
26603
41543
53071
5204
10969
68397
75959
22560
74743
9402
89303
45097
77121
68409
42316
55346
31537
30130
42329
71003
13924
63198
13737
3340
2205
55305
64399
18323
37228
72114
83367
96467
47670
78576
1417
69423
88318
31965
17480
17949
5973
98907
33188
56708
52755
75388
15135
44763
18265
98553
58207
80187
25823
24023
62729
47446
20282
99137
1310
35395
29183
54680
25164
5406
7670
26500
61734
66360
88679
58219
32701
64721
17124
67833
96587
29045
59227
87833
91350
62734
89176
67581
26773
29917
9788
32523
44440
19411
83549
18545
42204
10184
52416
22027
98388
93201
27260
42510
58495
61604
49143
42395
36677
2043
72080
91618
58117
28759
65377
62953
44409
20973
26649
51694
68914
1007
44762
49543
89828
44428
25559
7878
97426
58480
12747
14817
96321
68785
20125
904
7518
62443
76022
44513
74516
46741
64760
47797
2760
52177
24819
24661
8635
38427
42993
59933
1993
58506
7577
15468
61135
51032
46070
85100
8713
63907
73187
87807
88173
3130
16616
37282
26158
52252
71689
46315
45672
69540
6464
31844
33265
21005
99299
6636
61527
20041
46876
46780
8875
78115
21837
40397
73693
55604
44665
62673
754
71949
47330
45875
44562
45
93594
25112
37049
51364
64929
30099
23058
82534
64360
398
88201
95327
87925
20233
52512
25668
6321
71581
8719
32085
91254
88943
16278
71596
69195
88222
57136
78926
7415
93842
58159
17182
24632
536
34099
11233
67482
54245
40504
23135
57317
867
51819
86197
67388
1772
97693
91972
52150
54924
68983
32209
59508
89892
60424
96264
51759
77692
37463
18663
84404
64472
35120
98852
93376
72982
50240
90859
57928
99066
12799
42408
27637
67386
1386
77415
23660
5148
5334
42711
20280
1042
13688
80174
2881
95242
64407
82173
14913
94508
63386
64745
89706
67461
44787
95427
10275
48437
68917
89257
1748
82134
93678
79454
75732
23316
2103
2979
74670
15937
31992
29461
75266
40495
96829
88115
4162
17611
21304
67962
71622
80680
6634
60771
35485
43706
76235
70046
81082
63292
19523
73496
95182
95527
66263
66094
66900
40443
71494
64411
82461
18278
37944
55399
70190
15163
64109
935
63
51353
47041
44854
40800
23455
20896
44206
8857
89144
53004
90466
56890
88601
33694
88348
15269
70273
5047
74530
42226
27165
82935
93652
1524
57617
70623
52474
83842
50817
56054
88097
91674
54186
91717
77148
57836
42900
39299
51326
14888
54239
70923
54679
76332
10206
23451
22928
6141
41375
30438
3059
58506
51562
37239
91379
89260
12296
56171
65481
18050
46976
81516
96337
52774
8220
7459
98493
54286
85182
55690
205
90763
17449
39625
47305
62660
91997
31456
18129
95874
19166
65139
96341
44915
36469
33419
72300
93865
7885
64151
72433
90853
42344
91893
84948
13721
78060
18920
11321
83505
29763
10824
14316
55308
66219
16564
36508
3251
71786
42052
84587
20195
6589
3406
62466
24589
37199
58228
20623
40312
28662
7456
34007
83341
2005
74570
50941
59973
16026
70770
64115
71603
69398
8844
96814
6838
36113
90547
16406
41826
60851
29494
52397
53602
96314
56338
77869
15613
51046
3380
67832
44258
83702
4556
75006
61790
81362
67491
80037
63982
49794
81278
24793
2436
44952
92046
27737
77131
6815
9253
31248
52997
40646
35
83921
21361
76754
96227
18925
36962
61412
84277
27160
86847
12687
11569
60687
69490
532
6645
28443
66685
37407
7972
21141
52055
40339
66252
41905
72635
7595
65934
83616
4528
5992
22846
64937
52035
31067
78650
67437
2759
95915
54479
57354
67762
8666
11512
97257
79502
95320
27135
81869
26236
43844
44998
28574
66072
73913
82745
18473
68791
52124
96375
87562
86320
59542
25348
12406
90209
14982
57225
19926
75104
4213
67215
85469
87450
89983
17446
22193
4731
51587
95853
96284
12901
59646
9968
76158
9411
99683
97660
69390
37546
38987
99736
46093
11743
72546
21248
28202
773
42042
43682
26115
20153
19857
87418
95936
6762
83733
51550
74620
46267
94589
40320
95620
88669
90639
66242
72936
8796
34126
98396
16439
48365
4830
83421
54899
5499
89619
58231
69185
3565
44660
34555
73801
89935
61952
19542
72661
18335
38464
24301
43138
78364
16978
87150
63151
72967
42095
68883
61985
5666
10551
79232
61012
95677
86087
7531
45498
31067
92832
50793
51942
39536
89125
58164
23689
83113
46038
48783
32892
78006
11728
32235
80647
84147
26286
58866
26752
39454
10662
73848
11505
70564
65054
82712
91224
59957
16257
20262
57865
85062
94002
10999
63816
37110
21295
75234
51516
59368
73525
75549
68929
54241
95421
78500
64332
70064
97595
68489
45348
55173
62447
86955
15824
6941
9985
27014
14731
75389
21681
70810
151
82889
87133
68813
27171
91822
88899
71470
60964
52802
55947
61994
69834
30718
68164
2457
69563
78609
10784
97626
54459
5922
55250
91471
75697
82051
40054
37054
84086
75078
38782
25725
30334
90634
51875
28130
44464
72226
14208
85599
95636
25717
48148
26551
8775
98415
46410
44079
53114
11740
76416
25379
61323
69266
54723
55640
45302
79745
50195
90416
1649
11806
81239
55478
45510
80677
60364
70662
54421
2256
56559
44927
77317
4093
56754
57924
75772
3210
26901
11627
93648
11956
57140
32627
92620
25087
88640
83441
26329
50444
29346
71917
64211
89029
28875
55556
87350
9913
96524
70816
9872
21372
51875
63937
35136
35534
59441
47476
14837
99574
59404
42048
18493
53806
94477
38555
84788
29720
86226
87487
43772
1689
67045
90924
47454
32739
53608
14438
46719
71301
97082
7031
41828
26122
60344
95369
203
68548
95103
80469
38414
25468
27510
95376
91007
95112
42642
14605
61321
27970
49254
97611
27575
89332
27152
38865
30892
78720
77948
60060
49676
8763
8882
33404
43627
87826
20877
17677
99418
84542
65200
6595
82275
56320
72565
45683
92232
11837
53978
98949
24908
88021
42445
81126
32869
19603
61324
73397
63967
11385
86479
13808
72429
33816
37455
50217
60770
80181
18853
78274
50237
594
24055
55219
83297
45716
78408
7839
62918
99006
99887
4368
82858
39948
19708
76910
48469
61616
59537
62600
63473
46548
54788
16350
21035
99957
45550
37899
38519
90424
1158
43194
17642
61186
17608
42931
80111
97841
97188
37614
40500
87495
22887
17646
14948
92605
40103
56663
28274
25372
44131
28153
7036
98011
90581
36403
26350
86021
85674
49993
66646
68561
94547
6321
73040
53044
29587
83924
34240
46669
19097
98942
70919
23027
98471
29820
100
46865
3299
27340
16985
95255
84149
98813
89805
16747
274
81501
9012
43202
83799
46663
13016
89255
98638
95056
41985
51206
54082
52175
51967
52077
51751
17825
63452
64852
75485
30168
92297
73495
37340
96540
88446
67971
33795
27250
7730
67634
6720
29065
94933
79244
31558
66574
88851
87135
30163
5201
42276
79237
92539
5740
52413
53377
46277
93243
58342
18154
99298
58502
89008
78204
21983
28602
97315
60894
83953
57641
20323
28956
60052
71691
97211
58326
87676
37585
16579
4571
88697
69963
99198
82310
57399
96485
84480
14068
81048
33770
18430
12469
6737
96666
16681
62848
57452
52422
73088
4726
49993
67785
95222
46833
59861
5989
89384
12422
93431
50229
97534
66120
14062
2512
27078
74996
59721
47695
9265
88934
14582
48622
53517
40592
97519
59706
50594
7980
49948
46161
84561
67423
93178
45430
73195
38824
83285
78992
90440
21215
5383
34706
49756
37849
29683
39739
76364
26064
82228
17342
95017
54592
29184
92782
38622
12483
192
11846
15156
83048
13404
13541
40298
93927
30868
38582
74679
7675
11542
50713
56768
9444
20876
29889
98378
75672
4864
49678
82765
97790
14540
25486
28734
16429
16708
38813
34185
17052
86826
73916
72369
91956
14155
12683
3804
48144
48775
21210
55926
90528
34783
41617
18520
62722
63705
83833
41046
14277
63739
20257
77918
97698
75061
14020
34005
81836
38646
73280
66499
59649
27569
22401
44053
51927
2393
5870
63884
31812
84195
9984
7449
69854
49283
98092
56652
31088
20172
56412
99452
59873
54236
76510
86973
47378
91904
69881
6797
45448
84500
83317
6570
44650
26518
30917
55250
39964
26883
35782
7768
30091
20082
49532
72239
91137
81336
72365
46265
50846
49520
39097
73782
22923
64103
92433
94456
85421
6698
14013
26476
81709
91390
78587
22934
16984
8789
22409
9340
9062
19283
88632
6703
66881
80184
70685
42426
73876
60761
57190
27083
57967
61145
97431
34087
72951
66988
89030
69413
70480
5783
50527
7311
82977
1305
56145
56645
10372
23938
61382
56347
60163
96127
67298
72630
91882
20659
97009
39734
44147
23460
89984
2286
45579
35362
13521
25134
32349
60644
530
83878
90191
47412
19986
75161
64021
33354
20933
31335
9341
72231
2449
55669
89477
12931
50205
20826
67502
47895
91184
80462
60740
15061
3556
1781
35931
86093
84169
81934
1366
65007
15837
24672
12104
52402
43504
96925
78113
67157
11380
20113
71289
68421
96102
81345
90361
17250
11171
11968
46024
13513
21500
92835
10509
22055
52541
74159
55768
29630
6691
2945
79278
49938
56479
92834
38363
17157
24998
90000
42036
80090
6514
5094
72364
31404
41125
58030
14105
48676
49816
10383
84575
68388
56045
86113
69988
27695
54657
20561
24136
54365
36082
41348
92765
84760
79055
81430
57852
12164
63479
12343
58670
5205
57006
57578
25760
62047
21571
792
35014
33235
50414
82624
27807
91633
34001
61544
39984
2495
48853
55558
40239
68816
99097
84643
48378
29226
77348
98895
26128
35299
76799
29935
5301
28571
98461
79339
36266
85105
294
15602
83067
31834
63690
60588
7241
88231
9942
44953
64533
37375
71412
96764
95077
88537
45462
11596
91793
29618
7707
92344
8061
56692
55871
42853
56234
85559
537
77648
84125
28638
21938
9558
10436
9089
88492
20696
37388
81546
34991
42635
68206
12716
72210
99827
27793
41113
62723
21910
73437
40407
84671
86942
33026
324
3071
50746
95041
54633
73901
78925
63781
37135
25260
65359
48695
28430
41780
66921
53374
1192
8731
80721
21187
51097
99562
78055
83384
90345
37185
68856
58490
23068
93456
99749
42573
51352
4468
37751
34133
56836
94104
67399
25689
35573
71007
45262
43877
3967
71145
7241
82604
31703
99656
19245
91457
50504
48794
56774
3992
26104
4473
99021
94365
8701
58180
40204
8723
95087
45704
3323
11198
26764
37492
40138
39956
13703
98661
74770
83281
32333
72123
37148
54516
21747
58907
48796
13547
85519
79407
20949
50942
10574
63718
29098
65479
31246
99026
72231
18881
34522
98942
37925
84041
72276
89980
20116
73799
8002
35116
10742
69260
50085
63825
70444
93019
51611
66553
74405
34675
74925
68939
61638
50040
29188
26617
77705
14752
2389
7222
55649
3031
60639
63162
19527
74861
75452
93136
43459
13013
87173
96472
89636
38593
84235
38823
32854
33570
74322
63718
69319
78963
79441
19369
9791
73936
55526
87038
85589
64137
39217
57592
83572
44188
68979
66789
57582
3808
93805
46750
17860
32419
15311
93969
92448
94163
94963
54584
35161
76026
67323
42512
45668
69978
60498
18786
51117
1789
55181
10150
96316
79955
80013
85134
88080
63507
37950
99957
15544
60718
67036
96007
40254
4081
84287
94850
76308
75665
73379
7170
4931
47485
533
12118
63604
27086
21711
60023
60656
92317
65188
89354
24793
88919
27431
22506
65613
31443
5169
50608
64442
5870
33219
899
29828
99633
67886
18880
39969
11658
61326
2831
73762
9381
67997
52554
89647
68505
49292
31539
93640
83370
87199
95822
10887
5993
80392
9846
8728
34108
2347
84181
35443
54076
10592
45099
81697
13945
44114
30965
48748
45571
63955
36376
75244
9630
82538
96152
30142
30784
67475
97044
8199
10960
27514
29679
44906
18959
36551
52836
57472
81772
80658
16995
4503
54375
37782
25786
45702
30430
98394
85919
2348
91954
99454
58542
81749
24670
16683
85968
43878
15837
70253
37647
76089
57695
29692
10850
56541
71639
60193
1515
2821
64791
4436
66585
10113
83567
88295
49113
81850
66631
94441
57115
21591
68845
7906
51546
49717
18780
84772
41991
34521
77011
39942
96598
44855
54633
51344
77469
29831
47855
48829
16084
75110
48637
81060
6914
32285
23768
95765
9119
26978
35265
81976
40170
26003
32516
55510
52205
55997
4997
45326
69246
24000
13412
17414
69600
17780
45168
50948
61371
38847
29817
32519
94813
42862
14588
95162
29434
90774
80318
59806
62362
76023
81500
84789
693
81569
25080
505
82907
69790
34577
52437
58443
86030
47396
55985
64717
97832
88067
74953
47270
37442
88351
23309
4253
98531
15469
21355
39601
45481
53709
98141
85365
24368
15672
87802
33878
35723
23596
55754
81960
42462
67739
92691
11323
50571
34550
90885
11341
64610
72365
47438
53113
97116
28654
62208
9614
76565
88851
65135
62292
83180
217
94658
70687
88110
60836
93842
51066
49236
18627
62474
78126
98178
84886
12402
17116
73408
9881
19895
49477
29652
83122
34658
91399
89531
69704
14894
50288
47785
20084
98009
74192
32097
34575
37624
10830
29838
96395
36502
20077
52581
7853
25174
49183
49468
79586
37896
24798
2028
97768
70261
70006
78208
27806
67212
35171
182
31003
83878
68531
98889
66162
8568
254
5220
29264
37884
93254
62357
61330
62055
43802
39739
30019
86763
66829
98713
73829
35027
22752
68969
7527
96605
84674
62153
62561
52209
3522
14723
94713
49166
51767
75859
61404
2292
2785
32788
67587
57375
61218
9470
15050
15697
62866
99188
74651
47356
97874
31762
67133
53659
79278
84322
12797
97312
92693
81790
19266
265
70885
83933
61161
38666
75861
50884
82660
25612
68946
95944
84717
59107
80214
35528
39588
58404
74615
14688
88224
11736
52306
24438
24986
655
87917
69787
5708
53953
61383
27945
35157
34598
73790
75802
12325
11921
27208
38953
19900
30099
41378
57272
70313
23639
57656
54884
32557
46359
91197
64363
82179
73410
47493
33915
39440
19392
12511
31971
69508
1102
83970
26623
2227
49162
18132
40210
10983
40979
52047
78316
14787
4240
35588
82347
72282
70203
70211
60901
65854
75458
58768
44557
87830
17396
85627
20904
48657
63905
32200
19775
3928
1666
79469
32875
35276
43115
15723
43408
5478
43536
60946
46433
60000
37149
1200
8489
33218
76149
72063
99434
92663
78014
26524
30458
802
66678
89056
36618
20415
12552
51700
14715
27064
24163
21644
64700
66978
29998
72074
33635
5191
69309
48909
92787
31991
17504
59499
64645
77466
54839
38665
45583
47023
10787
33685
46636
4505
98821
88359
26138
14854
41253
60354
85110
55236
18525
1931
64311
83548
76229
54528
94725
31863
17275
25458
94968
33281
91246
54057
67853
69063
99736
75699
411
24594
25030
25654
68148
17967
91018
99532
43504
5551
89480
54305
93457
53379
37603
88160
53152
99260
29550
19978
3153
9024
99994
43537
37494
67326
6215
2969
75447
65808
87447
33521
52845
43694
52790
55120
81478
81871
35483
91674
27057
88215
84217
15645
51994
1367
29963
94963
83531
8820
88528
98938
90313
71997
71510
40860
14330
10445
48434
49031
13489
22482
89233
25817
35368
2705
94938
89255
96234
16306
51415
48149
15578
42757
88600
8132
56256
35704
65390
96899
90474
67362
81275
79387
16042
23312
19474
3373
61983
23362
17473
88962
26379
84570
35881
462
68680
66361
90577
68288
89221
92211
92359
58042
976
75681
96347
35786
26747
13765
74755
47663
31353
55548
73956
84379
85689
36732
74972
58578
98527
66558
46887
55813
30473
21783
34749
79393
15686
55280
93997
40899
35181
32552
85274
11275
63823
66281
67182
94383
57949
70939
7586
87351
83054
87057
95458
12652
70799
37527
90531
47432
66529
19233
36413
40792
26480
99091
76266
68476
46575
48090
31412
53342
66962
64278
51395
35055
65493
4773
68910
71240
39937
66830
23035
50534
40005
96693
72049
44143
96230
82945
96893
12556
18920
14851
84988
24699
55410
67335
62918
12518
61707
70932
33276
61682
17358
23397
89879
56895
1427
1697
90119
6272
59574
16218
53851
77238
20049
48094
96713
80308
56909
84026
53343
38329
94719
12584
28732
77641
91615
16147
99810
7238
54835
89442
98186
63094
66677
60476
14893
96901
7546
87073
82772
93284
10637
66270
20773
93977
62152
76279
54338
78118
61294
49915
59264
41364
89254
89657
35922
9600
42033
91442
63108
60206
11764
94762
9775
18008
9726
33297
60473
48070
774
20022
79996
26884
76685
26608
83892
83929
7951
53622
60751
75342
16964
64038
22385
26285
22276
77078
71632
35686
7193
74671
19976
88798
60585
18922
90407
13996
65815
47648
42890
35592
91027
19350
82194
2555
81943
11729
19187
65924
73581
85333
65980
28600
69536
41216
94016
91847
81106
32271
28766
71148
4624
385
34174
41994
11296
79081
34902
18506
86797
50118
93613
71671
25827
28113
46925
26198
63
96965
88323
5103
93814
78305
50798
75070
99009
57768
94582
25057
71657
59800
97661
17594
98020
51160
43427
14113
7499
2452
30248
99227
91936
27376
66117
53707
15635
54918
66158
81816
61839
10892
690
11709
82486
58873
52733
61669
13338
31945
33296
7701
25106
76547
79203
11890
22180
17212
82631
13876
14129
64495
84844
88632
89484
51190
30283
34862
15874
69626
21880
46338
94111
94512
37438
45221
22823
37981
27320
33165
1187
85429
25987
48517
84113
4880
71225
78548
73265
48797
84196
42585
37719
52685
58901
25141
697
53679
69293
11937
9989
36017
55761
85430
45948
62626
57968
33430
83606
90759
75389
85649
63241
29877
86454
29950
16567
67879
54584
58791
12936
85001
20417
44659
82383
54277
47029
27846
71177
21863
11627
26181
74899
91005
35902
51329
74809
75920
45817
54497
15800
64065
86171
88174
87128
66149
79810
414
42253
65773
67531
96830
7254
37735
9677
44857
49611
86121
59487
97795
37608
54965
57432
12127
48051
1595
65060
13053
63805
59061
21429
8251
19093
24507
92718
1385
99500
82951
1104
45434
73441
38171
3623
26782
62176
49160
27708
664
49764
61594
82496
59920
6934
14546
85328
85598
9863
34181
12323
26779
68752
15093
13092
95845
75828
28384
11389
80247
34525
43447
1172
47906
91159
8882
55501
59138
80692
35712
56362
71775
38061
93315
66113
62691
72182
49743
92353
50879
57409
59368
19444
74500
30217
20369
24330
55731
22733
75371
67866
64895
28111
63559
10928
77550
83479
93713
2728
13158
96598
98648
67317
28062
12703
5096
98499
4809
77792
83176
37375
36986
88488
72092
12458
76838
55134
92027
68685
39214
27830
91489
97758
7142
87807
89645
86831
2234
58647
16494
94666
86665
77616
74411
83801
41523
30949
24866
4512
46476
27338
96862
3273
46397
21038
89371
94189
5875
87375
83247
70004
27967
60335
90851
93735
46446
7121
3809
49344
40918
4879
27883
14697
72946
2621
9811
74006
14892
68817
17969
18466
33562
57048
10124
36292
17950
78075
85201
29626
47242
79639
34344
71905
17010
29232
85576
82200
1792
95580
23309
39837
71714
62336
87943
90974
17625
22425
11817
931
37835
66623
3733
60330
98058
14699
98714
2073
86231
77592
16953
4704
2398
31862
54966
88598
92892
86300
17516
10517
59061
25662
66951
68190
99486
8233
31932
64581
94190
18383
401
96440
18
34448
98784
74440
18371
48877
27798
33778
49779
15842
76847
58716
92858
20068
25426
44266
54499
79432
57870
39104
57458
91169
86692
46560
77704
93425
34382
7064
57818
8902
85049
73504
19395
22251
70353
47544
96129
96768
81804
29116
78479
52629
20520
39356
22376
75740
53976
78577
80737
2156
3299
56187
62523
35730
39824
55006
35271
7699
46600
59278
19529
9391
77095
9442
67692
56981
27112
27368
53691
82220
97237
5024
84323
74171
9286
43705
18553
63753
60026
96112
63597
93236
87497
7586
73326
7626
68194
94960
49678
50387
29609
55577
60175
85428
74581
42997
89958
41627
67352
44140
87851
52014
56788
7397
49064
13274
83055
26133
60453
90582
65303
60644
78463
84233
48449
48940
63055
9979
98806
71722
20100
16389
62403
22948
33006
28646
75268
45351
42145
39231
48964
89443
31600
81413
4425
90923
77499
24096
25540
97660
73433
89150
55631
50201
73688
67906
10499
7686
81165
72963
63997
22488
20871
21278
81516
3762
83261
50218
2036
31125
3494
25160
74065
67537
92984
67645
16967
61707
56329
25876
47060
47935
81046
32691
82654
31787
82436
51793
5366
32917
51206
51316
25336
8321
61049
10370
29588
25754
62250
69318
35991
43914
86274
91598
33020
90305
25318
65509
80043
29206
53900
38404
71608
91955
53051
31797
69643
2311
44485
29073
42755
86446
751
58728
18606
48989
40635
44467
33757
36199
85893
37108
92203
29536
43204
72108
44847
36766
3634
81363
42735
6382
83803
5391
2080
43024
26474
96472
81830
34529
86582
39029
53069
22683
59770
89226
61212
92537
77375
1691
32752
43445
13093
76201
20875
33019
57227
96583
51739
21076
18775
30490
21605
94570
73833
39577
51475
33134
96558
27032
96055
70588
81745
61269
27911
57779
24282
78630
98196
97429
10499
11904
45875
18350
77034
91017
84971
65158
81415
28997
30570
81296
44693
33364
87337
28753
24524
45490
66331
25569
70561
61506
46422
63678
20088
60476
81127
67134
71693
1176
89163
45373
83393
37515
42078
27146
33928
58608
44327
78070
31747
64882
26712
72889
66967
19154
41945
60631
65382
88651
62149
49308
90001
22215
60869
61110
64373
99542
1956
31819
64925
8440
76755
88654
27372
26494
69012
25997
41642
90341
35392
24418
90021
65110
806
8945
16376
98952
62376
32253
57385
43263
2287
93611
35976
82182
75905
3638
30118
4319
61632
91543
10730
19817
10674
10927
49564
60377
16310
17123
65242
21891
20078
77734
43387
73308
70323
32789
41325
78139
70170
67279
54845
79971
22946
95729
60848
5597
6297
48563
76673
33167
21706
15876
55244
60360
85139
2318
86164
44978
84953
15999
14469
22317
18391
72095
79549
25190
98927
23572
76358
13938
98420
80769
14437
76724
33414
41161
46107
81650
9702
56959
1593
86539
7563
78682
55486
73145
49956
33956
48962
95705
12799
16345
546
74708
90851
21830
28113
23509
81300
17207
79449
92418
32820
67918
87048
39812
51899
64929
56711
59016
93664
15852
34180
14287
26786
29861
61473
79316
86690
84493
79981
1550
18699
68813
91672
39693
7125
90163
79895
87805
96665
57814
50210
28633
64552
51571
79860
67211
83659
82009
58662
88265
53938
40808
98818
69568
96117
94900
33538
71155
56
22473
65141
68905
18132
59512
34276
14747
14113
31226
49322
50096
30026
15322
9776
14962
4868
98643
17958
97615
79619
7298
78881
81586
57204
37082
29508
91672
53452
52914
83039
96228
47761
46970
48284
94542
94210
98357
26430
72027
25183
81190
13800
6571
78496
95228
31430
33408
56822
66094
44686
32057
3113
78041
90146
68743
53246
71809
35470
96628
6307
23978
30577
24530
14220
31073
11979
18164
3710
38653
70051
80855
27524
40825
84344
68101
1873
13057
54176
98266
91007
5475
60407
24030
73615
53163
61751
91547
67613
80434
53956
13378
49730
9476
70574
74932
97622
55099
27512
43994
66794
23172
75188
83473
61750
47178
74192
80896
77099
26967
27041
50125
41316
29169
59884
63408
74413
97899
25592
69153
15
25366
70310
94478
339
80063
42352
95679
94975
41890
79885
70672
17911
37303
15810
43473
85250
74403
96281
97168
3594
92056
60813
8934
65228
20779
45214
88170
99859
91287
21584
53434
51984
11592
55905
94581
13974
13458
80892
49422
47982
14570
72812
9991
94845
79995
18673
21461
48022
59487
54584
2641
68233
39361
53466
6627
54252
18946
1195
83838
26820
18897
91871
48771
7096
84243
8076
59276
47132
60587
33289
15477
55128
33628
93526
83007
90284
25576
8385
88601
66736
65481
18514
61839
4831
70614
39440
17569
58055
63323
7458
46501
54373
42017
12867
57888
77
14510
73492
54769
51604
78731
34881
91852
1176
25080
52531
4725
62407
18987
40688
26096
49434
23190
78261
70647
48176
55516
9712
74119
5213
72559
44299
2059
83356
45199
68829
99695
12441
76990
35646
18523
99245
83459
49678
27647
28289
84721
24405
80688
51832
58689
90273
10598
34654
67336
94008
85221
95877
19259
15003
79767
33924
80170
33132
32125
62684
96357
48406
93683
52610
20850
4495
96647
43200
61751
18777
22457
97144
1835
55198
59247
84453
18328
41638
17655
4665
40778
91782
41520
5857
29206
85398
23004
78364
91529
89486
33851
6307
20587
51175
8322
34781
14079
65363
94497
74415
61877
67671
86581
23241
91643
27082
79387
38055
53288
97504
45784
12792
53484
16837
38905
23033
63249
24533
82197
22888
59573
94182
71358
30862
32164
43421
77683
14089
1377
63488
81884
469
13753
3592
52748
11897
11456
88623
61518
20803
39191
18858
75397
71655
93061
88663
55803
56197
17927
75961
54982
65185
50343
67129
95151
29994
12589
71841
62254
10462
92760
25054
94837
51074
30215
54787
65538
5443
59752
46153
6470
42329
49522
3388
5524
58730
57422
77826
19253
62590
73869
89565
2278
74318
82110
81376
81870
9523
54812
32251
18775
91530
8742
62158
12554
52330
42893
75991
58705
63241
30152
14619
8467
16128
20431
56113
28829
87700
23936
55802
38748
17869
25838
62553
34281
3449
24646
20979
83363
78817
60766
28668
82654
44993
55244
62861
63233
96353
45436
61655
78974
41482
91069
60888
39938
66138
14984
22319
6186
154
85653
36577
63879
80324
9836
36233
73684
550
53709
86891
97550
23684
59089
23585
73932
99704
26825
91773
2301
21261
74473
61048
36928
45275
27338
15338
72334
41002
70489
70669
60200
91277
66977
77713
36828
51059
67383
65456
77702
6919
80969
44616
35600
79607
80393
76090
10772
80505
67449
4520
6469
35934
22733
37152
6770
91642
93684
30994
81548
6730
53186
51125
43952
78860
81717
81504
62081
86561
94357
99044
22538
96373
89680
29722
35997
44313
79783
59184
27195
63189
16081
23562
68119
48516
35422
4387
27905
85798
44196
118
40345
16865
61504
45873
33690
61724
82298
29478
36358
22076
3926
61229
10018
66147
20538
13348
32744
29824
52700
9195
85259
45380
84669
16755
20051
84260
77041
83665
95192
24789
6367
6625
64844
59514
83374
6856
40805
22239
11729
69349
67384
99124
72793
78609
48277
13012
44347
21092
24851
38126
54756
52696
98751
63406
22624
68271
72044
99440
59957
16150
92078
62600
55881
81549
29884
36342
55456
13965
2892
91720
39758
51341
9034
75793
58920
68631
7902
62710
22854
68664
66971
97901
40069
34541
71700
83470
42482
47115
95986
11768
89492
80227
4087
36963
75650
75557
85943
39273
23526
83776
95214
47921
89
58627
6214
28006
69172
54731
64988
12754
18919
34019
51942
9821
24590
99317
98577
89853
46170
30141
43651
83560
28144
95254
20943
92897
23362
98830
18088
90697
58534
31538
30304
81396
37066
59782
61562
66441
90997
66505
59069
30115
14306
84949
10804
17297
55477
85934
57082
67536
49936
79465
61979
47510
10080
41209
75176
78670
66393
19438
82956
50376
45243
8595
60057
61628
51274
22808
88967
88392
86505
28896
30060
13681
29619
86802
86280
31169
70577
43605
48156
25482
49020
4132
67386
73533
87118
81647
70779
75288
50637
66189
42748
88843
33555
14254
35840
83488
1453
16894
7150
96896
19792
59353
6977
92991
23848
20851
25467
85153
44701
16009
98301
90544
12654
86144
24924
34099
35734
1816
89043
94312
59446
33793
57561
62875
48718
61975
3324
64598
84498
63339
13725
10611
85512
26521
4845
79592
13987
93905
5925
60471
51605
45235
68391
29191
82980
684
29120
63291
46532
26100
1244
87800
40734
38895
42368
21184
77305
5933
22526
95914
1824
49383
95776
29564
65650
22959
25995
26611
69239
72424
55409
27089
59634
52649
97176
24992
93696
7198
664
42142
11538
83631
22159
9542
46336
45973
31891
18996
53520
18305
70355
67123
53608
37264
7244
53641
6825
18515
41482
39429
61156
53728
8709
79484
9033
33785
4399
61749
34637
95895
85848
89058
32612
39712
20871
54095
48000
43821
94154
76603
32889
48636
65585
52554
32636
86212
24783
71853
59682
47695
50237
70270
81174
12209
87029
53527
46634
18377
89179
42013
19703
64748
66402
83102
23242
29555
20613
51745
11091
68724
97791
47063
95557
68005
37763
24546
11732
88708
24284
19671
49260
94403
93419
1960
44004
97830
45613
51341
59835
59648
58248
79746
82223
75078
27769
93872
26968
47249
58213
94003
56563
50737
50493
98592
54666
14373
47675
19960
96422
8062
68605
48362
94733
42671
93401
23956
81742
47722
65633
1768
95548
89167
74958
65973
47715
12078
37894
27763
81612
48800
67274
75929
80195
85850
18892
89112
5796
58003
45082
90384
56555
97104
66266
31056
20191
59156
60122
50056
51578
20136
99932
22793
25724
93777
27391
2375
31809
240
90990
28439
38052
55567
58764
25149
95052
29402
69155
15875
52434
92114
55397
96038
915
77644
90671
13747
31597
51070
88479
9020
20786
99860
30411
11229
40640
50580
29043
72638
94514
27394
3999
96277
97601
6584
10023
95665
4984
22102
26196
53819
24629
12765
8748
4807
37743
69797
9493
30704
76246
71496
8801
67726
38050
10704
35695
14544
92765
19840
89017
812
91447
4073
69975
41285
51557
26631
75461
11721
52054
17687
32151
57417
10442
14635
74558
47365
41092
58510
5872
16497
69412
74434
2928
2165
51992
34707
32549
56875
8115
80477
45602
19232
58349
13473
40861
36405
18061
1060
76817
42320
28560
22699
55070
19256
16784
44467
8244
45837
91345
33411
65568
85470
13776
63128
38342
15067
50110
94348
91292
82754
14578
71509
62673
18755
1955
40992
82950
47903
38452
53807
89380
29052
18738
67821
17629
83402
73308
49686
62847
8865
36809
78799
77997
18519
27261
9047
68846
29104
8892
87596
59773
48013
36049
36350
57546
54698
95294
84223
56550
99326
70028
96723
14416
50341
88959
49324
38524
24116
84065
74434
26999
43270
17264
73617
37203
39111
45558
40307
62900
86050
83669
35146
70712
31967
97681
60321
22204
75789
99316
63197
60768
55108
36129
76226
91952
74620
92311
90321
25412
27596
85605
21785
86440
71171
61757
92868
77142
66302
58510
53839
73046
43571
53185
1608
97850
96090
10489
38171
39795
60124
85099
15722
62609
80562
16019
5886
23705
30176
21327
63298
30477
12199
62820
43639
92577
53745
82870
97827
4618
37795
94236
19776
40049
17132
64467
88924
95762
82664
3442
59433
25829
23767
27383
34086
18112
99500
61239
50017
83553
23093
15794
13644
92905
46215
2352
5465
23104
17778
83469
84655
46914
31146
17848
76597
73643
88729
44847
47027
88835
174
25289
77607
83933
16706
54457
6285
67403
53645
52019
50976
63026
53656
94494
77606
86457
50553
1546
70847
15108
74954
65086
77367
5730
80368
47773
71549
95815
47032
54413
77304
18835
15201
27212
5053
46095
62587
8569
87224
63060
81893
38876
9333
87066
43448
33061
99257
9492
54244
44608
9112
6999
73776
84688
78299
88168
83400
82434
38154
28268
6899
26579
74747
32919
6594
47814
44513
49408
75091
76201
59594
67570
96771
85174
72223
8818
82600
32131
88102
6264
47683
21872
79588
97437
82955
36015
53078
81822
67320
31327
87868
14876
28342
92697
74838
45154
84524
25596
37470
94326
31
93088
17422
29053
30840
24910
3246
11186
73883
58535
44616
17112
29851
17380
90233
27171
4382
51245
87295
45606
67244
30785
68259
29464
23589
9793
97201
24499
26002
8753
81433
86057
32308
10459
35457
10459
7362
4638
76997
12254
1937
68329
5824
6281
99791
41995
92814
21581
39753
17022
22547
13510
44044
4338
12456
68375
76879
10008
40686
78499
7309
28510
5114
46444
45686
92565
19674
94736
66407
82245
74146
399
74455
2120
26329
83123
43959
60287
1148
2116
81656
82296
16762
65594
26515
13489
16720
65103
24585
67890
41001
71216
25978
16434
95374
43808
24694
24524
27500
62348
86542
48010
73348
22954
49751
53198
66153
2075
53078
31198
94407
81216
67705
73646
9260
8001
68933
37232
20451
65889
90239
90284
90144
55698
50505
12656
17072
17628
5377
2203
56845
86390
13677
15476
49262
4517
16685
34282
25439
2322
70450
55752
91489
54975
2902
55218
13625
84490
46212
52087
87956
21359
66541
2022
93785
86561
39032
70478
53932
33507
32345
22872
19903
16960
72102
98799
29939
22236
74723
43884
85796
7334
11973
11006
60148
15721
72488
27184
19308
40479
32743
74653
48549
31008
72405
16449
86506
89577
86437
52946
75051
12809
2604
51925
91984
13965
84315
15270
90806
50009
15584
64582
61314
48811
81240
22979
99205
2947
31983
19276
15762
61116
40047
56838
62444
54903
7124
46720
58651
53877
67656
31151
3856
91208
95943
7736
60488
93541
87491
44416
24403
47656
13379
92780
26986
44238
28470
67859
20859
15488
64037
71682
49444
14354
25149
79877
98460
11003
79544
76452
15887
94431
98183
66854
99143
9260
42480
72449
744
51779
93918
4384
29189
88128
14296
34925
63483
50944
10629
28201
9286
77927
96086
83042
27623
29020
39882
55638
4394
41159
13398
8267
20426
86937
73450
90336
83140
447
45272
18018
69554
66559
97970
99301
82697
6036
50315
75922
54341
36740
75415
62006
80449
72297
37046
39472
33908
6733
44122
41535
13199
83544
91105
66060
94676
82883
63893
44335
78382
40440
10068
33055
43187
13023
86298
85699
73867
10878
55747
86337
93461
24511
17062
23077
40831
28424
92825
55231
6082
55130
79062
81452
84278
8923
81663
8216
51621
17619
72220
24364
26370
3435
58513
68843
72706
3331
47167
59172
65826
7666
39347
98485
372
85604
98661
64819
64137
42540
93155
53044
30278
84011
91229
59308
2137
83516
84896
64725
64675
81188
38360
33012
60441
15317
16715
73481
34348
32887
59469
86054
75328
80903
24435
78559
22000
55618
71993
68754
92618
23564
23877
51101
18620
21928
74526
79700
2992
78899
29329
50717
33390
17638
14527
61444
48880
46283
47843
88581
95318
2587
26761
50746
90162
44040
94038
5891
35781
43861
3758
89092
23379
13468
53838
20854
49997
1064
3179
7959
8686
55055
25911
88253
16804
91434
9560
5850
47950
7750
75605
50232
58247
7575
35563
27102
51013
15392
38046
77846
99581
84784
87628
66941
46177
1663
57187
40417
22996
90845
52530
57159
62607
5739
26626
49588
19337
72273
95603
36981
45927
60244
74092
71872
86761
95813
36204
99519
27025
20425
29333
26782
42300
75180
92241
81018
70881
91185
44214
20522
60903
19908
22482
90707
18551
46166
41921
23566
61959
4314
64829
91724
61061
6756
32701
36099
59060
85791
54980
82357
65021
19131
6625
53900
1697
20185
15136
15238
81659
87959
54073
69280
63225
467
88302
43268
5087
22914
24956
28129
79133
58319
39513
51314
59723
42323
57047
34794
46608
69778
39930
27140
41986
23480
13688
15967
57167
13800
11965
3796
4914
84205
94935
41493
5760
61316
28617
85086
67830
14582
13832
22193
6236
58227
80882
70931
19265
56574
67005
13279
76157
10883
45791
26516
39829
74107
38971
88766
39570
24027
25090
24414
29423
76818
30569
28029
49247
31464
55382
97976
76518
88117
51582
55274
37203
97044
14068
97487
15954
97005
13084
88814
90138
88454
40575
949
90603
53480
42344
33046
17798
75827
44115
81572
49156
52248
25995
57640
64106
43473
52689
92288
12416
55316
57616
72283
49109
10002
84897
24860
38583
59135
37244
95134
42247
12136
7196
90298
8096
80789
64946
18460
19739
89278
32565
71496
23315
31922
85554
84933
49705
35871
53077
49590
58333
14049
31230
23547
92505
34388
63495
32065
46141
77278
21310
50485
37937
38140
42976
28982
34844
72413
78581
53734
90236
75140
3908
35566
79860
23010
30693
27680
81317
17397
38482
27722
38117
9109
69199
38338
29096
431
19125
78357
22282
75366
90796
2512
71090
43402
19701
70912
64537
93067
2415
77486
55735
3576
78634
67865
51514
1669
83248
68601
94148
87773
75105
73500
23094
64066
13092
65128
18302
49979
5941
83678
3136
15642
17200
54470
54331
95999
14874
10439
7594
6313
20756
47723
95456
73567
79506
9991
19388
19556
85242
57418
28666
6048
43965
23544
72937
82366
65713
12357
2767
63549
41787
78702
50665
59596
93740
95075
6841
45528
88090
89402
27839
38223
37506
34289
84471
89864
3651
23765
16216
1375
57212
75393
99591
73164
73368
69459
54426
15765
20431
49834
44307
18292
21187
57823
51513
32334
13006
90630
48376
54640
31683
65727
91375
95247
62076
91155
64273
85873
84272
58007
51576
44446
36823
52480
67327
42374
98989
39374
28105
25203
90741
76294
96101
91787
9279
7608
42454
43359
28649
69090
47023
52787
82711
79542
5306
69572
95965
40632
90556
82843
65587
50070
63421
46939
39787
97368
39794
61560
45343
33805
88646
53750
83023
57566
69165
52451
42933
32608
1786
66172
64069
10744
49570
43204
43945
5138
73296
40000
97164
12964
91556
42197
97824
97877
87008
52566
13834
97451
80114
89309
9446
66426
65781
39705
31409
72334
17831
27940
74351
8518
25982
28649
8315
3895
78502
88977
46766
34138
50072
86524
45368
44588
91164
88650
26206
78694
52603
73342
65871
30693
77204
20531
27976
88100
21489
45602
16813
3624
40228
6825
28211
3963
8575
25954
27465
45723
37422
6497
58613
11209
24085
89824
25991
41274
31167
51728
56568
64302
31789
73246
76537
22783
60253
60897
72689
66551
34487
21619
22509
62670
822
43247
81753
27503
65696
83016
95433
97417
14537
29341
40795
89640
94765
42680
65712
73770
15485
41558
25656
82751
32544
82353
89560
45563
19940
21392
34088
24094
82728
45940
47493
93074
66834
99747
85570
75024
1654
95217
32129
77006
33261
84547
87238
63021
65134
73119
63955
32742
442
59571
30779
92124
24371
26188
68203
99169
4630
42000
49220
2468
37488
40293
94314
44440
17719
5231
39404
11656
56392
80212
65732
16989
30780
36243
4627
80570
92981
23883
66504
78759
53401
5137
33670
66544
35259
49705
78897
73821
3651
29930
77731
24587
89389
15304
93319
29740
82036
85322
20138
13597
68121
21013
57821
86637
24617
5050
3157
55451
85875
77054
52092
20239
59553
60733
87295
61168
10378
99358
19553
31425
82556
89292
66109
68015
42453
7250
26680
32360
51375
12834
52248
99787
70927
68090
82572
63701
19136
53573
91620
39012
90803
63989
87876
84844
85408
25974
65248
81303
17815
41121
94561
51900
89567
63099
20704
74818
18747
29560
81882
45323
57354
68368
58963
25252
38261
35857
27610
84431
39368
43657
24277
12717
77281
18257
98195
8913
81715
2774
89356
26823
83492
27708
31995
26174
98585
65724
53761
89132
64949
21853
706
25630
48072
2498
78606
49297
90209
99907
24270
92882
84367
35096
26547
90804
25135
18664
9137
94873
84750
96842
30762
87716
96673
54874
83152
98548
53391
69092
59635
54791
36930
90465
3542
19498
69142
5927
12839
45833
24160
92543
71011
41774
43755
4839
34608
32886
58300
70294
22702
8864
24865
15924
30743
53812
66133
42740
43411
78341
290
5608
85854
69820
30290
15530
86626
71647
17678
86372
61599
99446
11862
98156
81217
63793
80992
66564
1695
40018
36505
14021
26173
78756
96921
62593
93917
64572
55299
42175
41822
58066
48821
31848
80182
74309
15529
5532
96396
54601
31838
91258
76398
37392
38500
93714
20911
78238
83340
19774
59273
91587
97488
26591
91079
47043
26446
69493
61450
5435
56110
99100
51043
24945
13046
60639
42285
90280
33736
60987
86891
43127
26991
4282
11804
33146
57588
88971
78540
35343
38628
58071
49953
93377
47816
2971
15455
70391
21412
94809
56546
21009
2372
51970
84938
17422
9664
59279
54350
48691
68272
17028
88735
14128
87881
63760
66067
5824
33143
50578
46722
2897
68065
86957
87900
94459
2862
99084
8444
83095
64626
36776
61755
52881
45663
13618
13471
67816
43937
46002
68718
98753
54505
2483
47331
92088
50428
61970
46553
68282
53617
52335
47008
1029
42500
65200
11336
28762
38201
82605
46062
7571
65032
21342
43664
80905
46894
8061
2223
27984
19590
52516
16294
69393
3658
17428
19655
39594
80259
73453
19682
91490
55997
14307
68652
27609
28027
19270
48542
8444
53327
13006
72626
90002
22038
21988
42070
51260
8280
72027
53401
60899
98456
96629
28681
14982
3324
77362
40868
44472
71466
42260
78378
9913
38835
35548
72156
50986
4712
56963
60669
83379
54671
58280
44905
24943
18736
32995
40498
62302
31013
90290
6342
38348
80811
97206
30965
87623
16836
92773
27314
47433
66648
78031
24646
52992
84044
81789
44842
88706
2758
66606
54076
59586
6323
47173
28689
69500
11734
49677
78259
70837
90501
26214
70687
63747
84827
23843
13008
94331
82914
11965
58719
756
19120
83685
52354
43385
9581
34960
21069
79508
52719
58264
14755
45595
72471
34798
41972
95320
59961
20780
5827
65655
70544
33353
92100
25605
83675
96183
9208
63305
43647
55186
74530
58853
84761
48304
23597
57029
76262
21170
3304
57914
6982
16160
14430
23647
42464
14751
35589
65044
86977
80850
3199
77286
71412
84391
83518
58778
86100
84310
45949
66738
90159
86003
55031
10096
81926
31462
65110
83360
72064
93409
87466
96981
78166
17578
54036
3994
8449
40462
11444
49550
1619
53413
46061
34097
80467
96757
23450
91276
99023
66302
76118
19476
34710
80179
86766
795
93274
29224
57538
160
26364
86155
63227
29866
90366
41352
96320
88418
30882
35774
28258
95119
29144
78254
2643
96621
10671
96924
7196
13768