54953
222
54671
81477
45597
89013
32498
76579
63764
42585
32266
79448
94462
87379
91416
31238
47059
29020
24747
31162
39476
60749
50600
85596
2850
51776
24719
65034
3509
91875
18177
93952
47839
97702
90804
12091
36095
63482
25555
18417
84840
5978
26603
66237
47408
55188
86775
61083
79650
34371
16434
89098
41174
75279
80539
99213
85302
56064
38265
40905
44101
17125
73327
32051
31346
90886
65832
87037
89372
8896
89102
90625
33432
58677
58029
67764
94415
63475
14473
51031
76373
33656
95747
17943
30594
45245
57625
24191
80605
62738
47944
61246
28949
71767
34207
23653
3980
9778
77372
20436
85740
68215
93374
83400
3139
18699
61970
89128
39489
70544
88324
75332
9588
25503
28129
2812
99658
77325
31269
31906
64405
63253
27143
95188
42628
16503
57925
90421
58634
86448
20076
18849
37842
29158
7627
65757
49454
42494
96455
70627
21506
85474
56036
96813
53802
83734
39622
73230
33716
74559
27243
56319
71762
38386
78715
35475
23662
53140
23891
82647
99748
74156
24890
36541
7467
84217
59140
1986
54154
15876
76223
10001
4755
70224
23237
95945
440
24332
49894
21725
16584
61851
51709
42106
74129
44945
14365
86191
64701
98439
6942
34335
28735
85392
13390
54722
84859
99740
32448
62247
65385
69278
80018
12427
96326
83587
40482
30562
93505
37917
21765
26655
65016
35454
86070
27416
23653
10001
14237
82404
27090
81064
60792
67363
35223
24667
24820
79824
65945
67342
48796
44017
24492
77870
18044
18038
45648
90205
32818
10870
41208
44606
45597
76944
67382
41526
66934
81384
69891
84638
58329
26757
53238
94626
44717
70084
99602
85491
97274
37589
34209
26104
93177
71682
99017
39725
7354
54577
78740
10161
27177
67488
25038
17470
89111
41119
76731
90199
95900
27559
19380
95396
39204
85563
10056
57613
18789
77041
79752
64064
55597
33552
63744
3974
47992
30043
40389
73729
34343
35507
75695
37753
22513
84734
33314
24626
78285
8079
12409
72943
7147
57893
63296
59433
25498
45425
69419
92961
74591
37104
2967
79487
69495
60824
98944
58615
35768
52900
49400
24468
78588
14521
4427
83016
16077
13207
48810
38483
40354
9788
54856
55870
1666
20589
36445
75647
57607
72914
57265
87083
97584
86019
29773
758
91008
86181
68891
32473
96186
14389
82336
33417
69389
54627
25227
70022
39477
86881
18407
15118
45765
15817
16181
63115
87773
7434
90715
17086
9728
21370
14319
24681
6146
5324
53207
37936
33222
10799
2242
92218
77046
47126
15660
43248
93959
86084
21365
19775
90482
68037
17327
74462
34640
79578
65326
89115
26706
4974
13877
96502
82849
7185
76997
55575
26734
69174
72080
74382
43394
78845
36532
11650
23103
43115
23983
55616
88111
2048
5287
50240
79583
56104
80189
13952
10624
84901
40879
67590
79857
90741
75007
60746
27566
15640
28943
65901
8159
59450
8494
72574
28865
70852
42082
9095
56096
84500
76200
90698
22141
89268
89024
24521
74982
47727
92541
15658
76825
62610
75478
53164
75327
69007
12657
36031
4269
51086
45203
4465
56207
85283
21455
52371
98339
74000
4741
21314
55831
97304
54099
70129
84830
40961
15920
36066
21566
96872
17884
48832
37089
82530
62475
20622
36597
70276
89239
84987
64392
9394
94478
91213
14944
51223
87915
249
11804
39561
32616
67079
92761
47339
85304
45536
46863
37641
71940
43766
46088
71561
45621
52202
44670
15030
66639
74977
77183
69914
45695
94865
72424
47214
60066
11047
39266
46652
11356
50474
3500
29082
7095
92796
93768
83438
65783
79227
56638
80925
63352
65668
9582
23520
19489
1837
80181
91604
27340
68999
13817
52890
67366
42911
49748
7356
59943
23605
32266
78972
24658
97000
8004
40438
53711
2987
6554
91644
471
93309
67427
55200
52065
56821
20738
54576
12992
10940
68360
77357
62722
24033
69967
19578
67816
48706
74064
69127
3538
33971
8117
28846
55645
95855
46878
93983
78278
85307
12431
85069
627
78697
86340
95980
74171
65272
85658
83675
43116
98961
50259
67493
46742
64426
1174
9500
19789
65927
65658
2745
97037
18365
28353
26427
31899
80589
16929
25002
70592
57413
11891
70171
95594
3264
25230
92504
78972
93647
63950
54826
47910
69252
82475
86582
54204
27560
85744
51741
30965
86762
68071
32442
4154
13501
21073
32514
23562
81943
81527
83496
93433
71436
76956
62699
74186
66618
65111
24897
81692
74575
29785
39021
44002
42173
53116
28696
47084
18757
34600
61906
89960
87042
75715
12828
96779
78059
43622
1890
25009
60097
22676
38794
40597
847
73768
60463
71426
47351
31897
57580
96806
3787
55283
10569
43062
85200
46310
57959
62504
79493
53772
71637
64230
43073
58958
40698
6440
23833
63456
16539
33361
84625
95501
57991
72267
35075
57144
5392
17611
24252
96017
10768
45573
11862
19826
3863
66186
3372
96027
33574
4113
78874
88530
18982
84144
42114
38491
14053
56803
81521
41113
95257
40243
43736
41240
96323
18038
55079
3315
44945
36699
62306
58557
82487
52563
76365
88070
36524
28867
74199
63358
12107
24113
3261
87024
15733
34873
26146
6250
52935
67010
20327
28135
1942
99251
25412
75246
32660
17539
57656
79584
53719
21553
11663
46907
26090
77992
29943
21816
21474
18193
90465
54243
40959
50024
39968
89502
8325
99831
6807
58445
51334
21072
98800
70870
26691
82834
57947
40930
45192
3100
6094
35845
89868
56864
69871
39845
69970
90019
60532
41096
95834
30496
77209
1542
59846
86688
74729
14320
82292
44297
21158
84705
65967
11591
68213
96297
27404
64739
63759
86405
28461
73659
32456
6823
93804
75681
42340
90065
11617
84607
15577
26604
5732
91973
94247
75762
72231
30740
88610
62233
11392
66669
71381
45450
83131
59235
98257
34424
69855
8182
34352
320
81747
6160
65963
59492
72096
56386
56096
21359
59318
97403
82591
35050
16901
78888
65117
75801
89552
83874
5655
41636
37164
69833
37447
91801
81970
69293
71710
38698
41361
98538
6058
93173
39831
34778
48275
42646
64079
89936
50490
15363
99045
48333
65247
68573
2877
53241
38899
55345
68892
96631
79906
84375
31849
56221
87150
95842
73395
59975
39791
43992
39844
34456
52211
8059
84036
94826
16394
62859
57118
6180
10310
73321
55866
51498
89030
20330
75499
64408
24309
94618
18523
26335
906
20845
64313
77388
91906
33822
17851
95105
22823
12679
29777
4356
78887
71003
79454
11993
45759
24490
38037
66937
95173
72527
65283
74842
59145
66280
11574
838
59234
48049
36179
64338
19988
44692
12086
61838
4983
68007
59306
60157
80494
33611
81575
94087
45786
32435
8067
35346
91452
16940
84201
2224
24707
42580
14195
77219
35616
17972
40243
97617
71867
64824
5964
28610
79098
60399
98201
53534
979
19640
81767
69256
14565
73343
93494
75457
25104
48270
22326
17984
78872
49242
89985
99111
47622
23623
32424
19032
66229
16983
1671
57828
51419
24333
30261
5288
88963
80846
6238
19427
43460
50956
81962
18718
11872
20614
97813
2340
93203
3398
76671
13919
81173
90542
442
12223
36905
73251
33941
25094
95168
89216
83601
38134
88784
25420
30596
62100
37204
58100
98734
24231
4599
28150
34879
8320
28408
55915
14500
54116
62823
70047
15063
80582
26286
78958
27245
47376
46193
34319
93858
54753
33020
19491
4398
68084
59916
6187
26755
22458
35948
91564
766
86746
15851
62408
16525
4283
60613
83451
14231
50436
14436
80200
25195
42009
95344
18253
50553
47315
49118
46106
76501
71221
75224
4534
65954
52913
74368
68279
58164
62591
28664
1165
31036
45259
62059
63975
2076
42109
26254
51461
1112
99813
22472
48535
70818
43603
21683
3590
93892
34676
39497
50427
3898
25268
58196
24594
92408
17654
75053
95128
99158
3690
37285
99351
7282
52014
46625
93073
54363
74621
37415
61816
30128
21553
29614
80073
20772
87799
54700
51005
44035
88507
11956
52558
94244
67936
16338
91404
99918
8301
59263
3910
12554
73837
88380
86672
98187
71148
10446
29017
96934
3820
27809
45570
4268
91694
16422
95196
97502
79005
2466
9145
45827
47712
38628
68178
10137
55003
38352
83735
80888
21969
96415
40973
28572
92984
35092
89346
42588
9587
64510
84610
86283
580
16832
57676
60992
67975
36073
32305
28171
54240
67051
93798
44936
73907
97074
37000
66067
52888
60345
9635
91752
2490
62026
40812
57543
68164
4939
71129
89189
9699
56448
59104
39091
60434
16215
78648
47731
67262
70864
31817
61433
10860
38297
95632
20538
98382
37414
64845
19976
92742
52385
70037
76945
41582
54698
38317
53211
35365
5752
73442
11166
33244
75770
88757
43171
43433
28853
8544
7071
96792
91847
74627
11947
25707
82646
89573
65576
5345
54220
3200
43473
1372
14036
90155
19886
3116
97766
91338
6660
42000
75332
51305
4758
23626
79584
57040
18632
92459
34595
62839
60635
6472
29129
93816
74375
98454
24505
73134
81198
18146
64999
79927
35246
66828
39059
81945
63212
73147
51007
68804
11759
58769
94977
15958
76158
25078
68236
64295
59480
72859
32598
99039
56032
87942
45778
74524
46003
71007
77466
43120
31482
2487
25962
58786
2892
49742
12037
96740
56201
72698
32578
7176
84560
80087
42524
90729
92397
60595
81200
36733
47290
19210
72966
79631
71535
16018
99538
21114
14883
2913
56522
33161
80468
22379
31565
29866
48271
69710
49679
60226
8288
27401
82331
61671
78378
75582
29430
69981
54214
34059
47887
73815
64941
18147
36516
80173
84692
6475
43
61554
69338
44880
53097
74800
98884
63028
44579
53259
77618
99899
84235
50361
63052
48575
34419
33465
71827
84418
51131
19140
35101
13453
89969
87711
18348
95067
84270
78702
23441
2870
31809
82585
26640
99140
48345
58222
85302
52518
49744
15701
94930
8980
46780
95866
20782
71662
21600
86870
21432
67275
23315
17282
47264
36734
49691
22468
18996
41727
80712
62416
69762
36594
81776
71541
75452
4679
38361
10563
71904
18689
22751
20041
93999
72950
86245
22819
69781
10969
59451
94105
89320
45305
52383
23086
25146
22755
27428
63984
35181
54657
65459
69342
81601
10081
89445
65915
21046
88260
94838
46655
60941
27387
25241
37431
31000
69291
48989
55834
45217
19680
77050
4186
50999
93271
35176
51473
64859
63441
47788
82448
95213
21959
33244
99145
5327
11930
58611
50350
27007
88119
77573
38304
37276
67635
9719
78013
72684
1881
81898
75818
78061
85708
4354
55119
26948
97764
46458
76960
18269
21468
11598
6570
59264
17944
62524
86665
77144
3925
16616
60605
88389
59799
11958
33875
55402
70012
31903
7202
88995
56909
43921
87911
43631
24350
8734
2791
40095
57923
80761
88510
23081
24129
46973
45376
46537
7243
48708
99481
18746
85976
72963
85409
15917
66919
63565
84177
43575
69261
59125
35737
83091
31369
46961
33892
67110
71838
7672
84298
47185
15497
44308
55927
16031
5049
63827
81642
6737
98579
44188
62293
76587
1736
92715
96793
37939
56899
16341
38042
97101
1066
97487
27929
49077
56790
32788
2614
64889
78119
55818
83576
99135
86157
40831
9634
29628
804
27722
31864
58630
24592
40946
65116
19165
22771
48100
1995
71159
87628
43734
35159
97540
85722
78322
4768
62828
67375
39660
30866
29889
49464
52087
21284
92113
25265
82344
85721
37086
73945
69877
16558
60737
44731
59764
99975
87623
96802
63687
55040
45502
42843
12912
25750
65162
50767
17218
43920
34060
57615
14113
71401
12843
87295
34275
2356
19355
41685
33290
78684
32299
46256
61329
29376
36624
88405
81732
57421
1163
95172
60950
84899
11223
16331
77386
50792
18920
85109
41850
79722
41182
40895
21676
76774
13189
98313
9156
70656
20540
34178
77767
72622
94329
46165
56636
95606
61273
68340
24016
27327
38360
35103
98033
56927
14312
89510
39404
62240
96007
98625
37764
48366
43879
3589
68332
92015
62523
65358
78746
46412
37710
14425
24988
54001
40464
39700
16430
42369
85379
79985
33861
76870
70420
58235
43504
17210
68619
65848
72630
4848
73594
59809
69674
60668
78414
14033
56956
24510
92742
43969
72744
19595
22209
18114
19542
81190
53107
43588
17197
30436
7159
46711
26281
66304
58657
18482
7508
53498
98876
55192
30770
88904
85758
89092
92241
52364
86690
99502
21769
27461
2794
56734
37222
11514
35178
344
17996
74571
56486
69818
73505
56646
77611
35985
6606
71742
68642
34075
95169
45882
19865
20216
62862
14322
81125
76847
52877
8240
74432
11017
72006
39751
5315
80535
77432
27293
68357
61912
19280
54007
54770
43989
2318
85243
64484
1463
8583
6149
35330
70780
25715
70449
26572
17685
37903
92562
79099
5445
67222
18579
94937
60584
95142
49335
89253
1569
25031
13537
70041
67664
168
95355
68845
28555
86856
1915
86335
22012
29378
63816
75322
22904
73619
96648
82958
36959
38505
14725
96360
42683
63904
23377
95064
45712
92431
88025
83365
6787
78929
51190
45636
17771
84323
75580
97086
18807
70760
89922
16120
67677
93627
54154
84341
27096
55693
76157
99312
17520
30964
78490
66396
7839
45905
96926
77895
62552
88049
46717
20385
9543
28550
74767
41722
94272
16785
51446
5541
91785
57827
81774
94250
29550
66163
69655
58
49598
35143
69952
11965
54514
51907
42870
79473
52076
77427
5596
49367
86743
84666
317
19905
84322
74521
73568
83602
72512
49876
41974
57697
70642
85666
17471
83259
49450
3653
2696
46318
62544
79670
66033
48454
42639
5369
77071
68403
27286
73808
14429
17252
58253
817
27581
49696
29384
68887
84411
6884
57700
47452
91417
30355
13619
11604
22416
85408
70557
28191
74364
43005
3849
66903
51164
5473
90979
20511
27625
72325
52567
64708
72927
2686
78967
68614
58760
56308
44085
95327
64655
4536
22844
70842
99947
99305
1195
51399
77114
80483
99864
7635
29367
46653
89859
3743
12953
52308
72901
69786
77815
83173
64893
29523
27693
75497
59675
10573
75821
16015
53183
63124
53286
74180
62523
65172
77732
39038
46947
39451
58321
37480
38711
94833
40195
69879
87051
31158
3212
22042
76023
44289
41014
89848
96058
96354
73498
75243
89426
1200
90846
98697
47872
59064
58338
73111
98341
6434
75655
44646
78369
41502
52256
71861
59927
97532
10826
64876
76838
3597
93597
11430
88692
99606
55214
82057
4465
73930
48033
54476
17150
43175
5293
75748
72969
44320
15035
11934
66401
94458
78240
30448
67920
33339
20710
48886
86495
193
13816
30041
40329
43729
25851
84815
224
73269
8269
19187
56226
34574
22848
41789
40560
38063
79118
16020
29323
71718
60288
9255
51393
49166
32798
92653
29457
65044
29051
95236
78159
2184
47060
81600
76447
42146
22203
54576
58257
88082
14758
67144
46298
82421
24410
44962
20316
50302
45071
58914
65160
45159
61135
4588
77044
10816
42840
27958
47787
40215
52676
90157
94034
9842
7684
43948
46716
75947
13231
55856
7330
79498
74481
44114
99587
6425
68018
65745
73026
48250
15032
1556
24769
26546
33786
72533
66420
33174
82150
47506
31027
1875
83098
27220
57955
88585
5605
67864
22505
86838
3469
70506
87869
60345
88998
19167
91662
64357
72205
15296
75904
18894
44462
58515
65603
86304
11103
51936
95793
49425
58528
78973
84385
81106
45697
59103
17220
12471
64623
61462
89457
53314
97734
60465
33838
20212
66717
25794
78274
78789
41449
54434
55615
36291
10857
34610
31027
29067
95627
34246
95043
20644
33309
31982
89722
8776
68140
16437
7208
8190
24556
34224
65522
88699
3400
42294
91628
66137
77387
62685
27916
72414
31105
49112
41663
40464
28215
56848
32834
96358
85044
77794
29140
67210
98928
4122
3997
60432
5111
96428
78466
69133
97404
27990
51879
54572
7993
91119
86793
61036
10881
90148
41132
50468
40297
46827
2856
60984
58682
60611
53332
7182
73048
27318
96530
54137
96135
38556
68244
55967
6980
35527
6544
72596
10962
6301
36188
63451
29689
71771
73792
65542
12616
75684
72705
60754
11181
348
38773
85722
14371
43579
25810
84387
36543
18866
14969
20477
99239
11359
94915
28952
22879
47044
59951
10270
48911
61832
24468
84408
30938
87628
56643
27728
62306
98155
84028
96603
28813
24164
77540
39879
8275
40839
13209
36925
82993
88279
30469
4393
684
77084
28719
63238
79445
63098
97666
63396
6147
91310
80286
18521
40582
96551
33258
58134
94341
23242
63654
58213
59516
37180
69220
55420
23287
51200
59141
42819
60219
69252
11869
75282
51336
91845
16148
7470
1719
32516
6727
55906
93608
99840
79422
92685
73076
8689
87519
8130
21948
26077
90710
80796
81150
67460
28067
65238
7561
24584
95840
81378
33708
3443
62753
85055
45021
66861
38895
17195
40308
33545
28286
33522
60196
18638
14145
70066
41104
30670
17709
53481
91265
73205
15517
48139
20904
28616
98873
91239
84650
42582
49488
68993
79119
82182
2074
61732
26045
263
95437
54874
54203
9211
10236
16477
13316
41806
52546
44236
27214
91438
72207
23785
35520
69685
10254
21101
94938
6980
54203
16716
12065
25785
55749
96532
32013
84265
60744
65784
61708
19315
76920
64029
78359
42050
42585
97331
65147
24643
28066
59225
28978
16812
67835
80574
70704
42720
33109
57545
75936
45389
90566
54085
9341
96352
77801
28443
60842
66682
41934
83749
37462
1824
72582
32899
88204
73794
81499
51584
49792
72702
10991
79405
72519
10395
46995
70866
60021
25244
11744
23364
29486
69431
81965
12875
17772
44380
29580
27375
92448
87759
42495
55207
86581
59124
25416
81324
69656
50207
44228
37797
7371
73548
43444
91613
58561
88452
64692
56156
85531
64376
1963
27094
99170
96184
57383
78784
36767
70090
4975
73981
5955
16603
4786
1146
21736
19473
22388
36722
7948
76197
86405
24009
32500
73045
37896
53026
12248
36181
61246
6477
62295
24882
27637
51718
13403
78674
8510
90544
80359
10617
56537
27897
62457
23315
23176
97749
95447
93530
49080
5064
30480
41227
46661
93491
6899
90278
94394
47620
44874
27998
2378
52910
97762
20798
26790
82809
65982
34357
82077
49021
64144
23565
23424
87064
19229
51864
37570
95549
10606
67292
94982
62030
50845
83452
95765
95457
35032
49363
33827
10262
97172
89056
69168
92560
37849
44488
24578
69867
40913
79847
83293
50393
53249
43527
35128
93697
88
25306
21703
94142
3001
81425
8191
82660
75868
55708
99354
55608
69617
27909
23278
36588
45237
55754
17309
42180
35963
91170
92535
82920
38233
10892
23763
90813
59514
83882
36897
86312
87109
56507
74169
67838
26824
36327
75112
41186
93156
56399
81053
99488
93153
25844
8204
15916
57255
67528
91610
6164
25252
47298
80392
923
87189
93001
15296
75933
29426
21924
77174
91807
63623
71197
3422
4148
26086
42791
49391
60848
23833
22332
37433
68503
1826
45593
15644
55020
7875
48351
94398
52211
94672
18284
14333
55084
22725
39593
25116
69887
65014
29104
71160
30064
15984
77056
61393
44031
74205
82362
47233
71960
30184
99029
37416
90921
70626
47373
91424
15777
82073
65310
97244
99385
8116
63094
9811
43215
45628
75590
78245
31633
64773
86172
74499
29265
82329
88079
25615
39388
40176
76430
979
30240
83847
65407
32657
78500
65920
56112
58308
60247
4881
74298
48718
45492
62338
26994
54915
55870
98024
31984
72016
27711
19213
61525
82066
46493
12543
33086
24260
92026
6041
51039
84340
36860
60274
5972
62999
37999
3915
67759
71698
99432
78185
9723
94343
95714
81887
35342
28346
6192
82796
34511
99858
63719
69741
56516
14133
39395
20585
41783
39676
26834
60141
95737
24790
98887
67816
38218
1991
17502
75744
13229
17179
66867
62803
96255
21181
29157
96648
37280
6591
25609
89148
4427
39026
78036
63505
57852
73084
23844
95355
34302
57293
40572
42735
40803
67489
1945
12908
4382
14532
56588
62858
7941
42024
17328
45841
47391
53594
9881
53516
14183
49699
50999
28446
26769
88788
56494
30767
71739
75653
98372
19038
8118
36840
12485
61594
99520
33629
71354
11167
9393
73751
87535
26746
69107
296
44709
47863
23896
52233
78121
39406
64435
69201
59813
49192
13020
54379
93044
86567
73139
99498
12547
22743
94405
4966
82759
87798
20824
82882
62332
66529
83031
13503
70957
78539
70550
90235
63647
46629
44912
55045
77929
93404
18798
7996
69040
67389
93240
90977
6128
97309
93709
4367
69296
77864
63776
25908
51194
70107
18428
17542
3790
49840
7830
49337
5746
57566
88283
17157
41957
12167
52504
53860
10695
51478
71580
97256
35679
98505
35145
52459
72016
79389
51122
22289
706
55024
95787
97895
44721
96715
37071
38061
72339
47328
21201
26642
49447
35192
52225
4985
59539
77395
15898
39368
62597
18371
72230
98368
68631
50628
68400
25300
28279
30485
87215
52468
76906
94722
65634
75138
77961
72951
74122
78480
91352
82306
31402
25911
10538
58335
62942
87236
97736
35877
73046
13068
86924
80088
63261
8029
78386
27627
6068
92748
36087
65587
95804
41741
67535
7245
35584
62634
48998
31474
7360
96916
92875
72856
53580
7614
83231
35864
50756
8578
40741
83681
38289
80434
13828
8684
86883
74328
13751
70530
2915
88340
26886
32869
53378
12663
23358
9903
59776
28754
78977
27836
89864
24146
47791
47933
10508
38199
15434
89609
17867
90502
64026
73613
85106
63505
24105
20737
19917
85461
27724
94478
92957
86158
11187
14100
64479
4603
39780
72126
3371
33288
49478
89844
91362
36678
44980
9690
78742
62011
72836
12881
61267
27884
13668
66385
9808
73858
56385
59928
72972
17461
54190
88502
96697
16524
44287
67974
91439
34528
73377
69372
81396
24582
96101
52223
6009
479
97066
52715
48044
15573
88081
86954
15214
41795
35775
21812
83953
91088
36211
86037
98452
33280
457
82401
12871
22202
38958
53690
16914
96604
79584
56765
19113
35643
9511
23967
32624
48619
36701
80089
72558
35129
90612
49446
9473
63295
56348
43805
38167
20134
71837
97884
6012
99670
64043
92658
79322
8049
69056
61954
81678
15388
66351
7265
23407
96222
86826
93465
75553
60743
51266
90041
26853
25158
62345
89963
65742
56709
98422
82603
20416
8410
49542
96557
25741
54331
32857
5511
86478
50495
28682
39755
28058
19830
70351
94576
5582
6617
92562
71945
11433
16458
83030
54154
30465
68256
185
83414
45145
14136
64748
41017
61071
22813
83355
48420
84095
82406
170
57592
66220
62014
16038
74031
51679
41496
93136
95005
91511
15194
80351
41353
87560
76438
82127
38452
8132
73877
3084
15988
71085
3401
78452
77402
52018
267
94400
65719
46790
73038
40313
80788
88177
1238
61099
12988
71939
61075
49186
76003
30758
97725
71590
29546
50829
23107
4338
75012
40200
43088
70248
53922
33122
22374
42897
70644
80039
56438
4935
68531
58228
13370
3260
98207
31316
35287
64422
48304
69645
87689
73105
73085
28588
5532
46755
14132
82935
76690
60427
11115
57124
99909
29631
51978
89253
53283
19433
29188
20513
9683
33926
17753
25441
57869
86010
42670
59212
25214
35118
16754
96711
17983
38006
10445
52915
49245
95701
9635
22176
12852
41249
57310
1392
5281
58087
34852
61244
11278
27901
40470
19443
8333
99950
97823
64590
26773
24162
24299
53462
41831
28087
31575
35789
29253
83692
94420
17347
59201
75885
3462
39292
12542
32175
46511
23342
40947
46514
70224
15246
99832
81725
55975
6990
42863
35552
92491
66256
46264
40861
28397
95387
3357
19245
96347
29322
11114
34477
59153
32844
10833
87560
78075
70568
68405
16695
53714
62767
92417
91364
93815
51589
78982
88509
70209
40079
56530
59716
24021
78449
74916
72331
91639
46516
13251
13224
69827
92226
14438
30784
15456
27751
9996
23206
50895
91271
81849
60600
31412
78970
49969
95013
1159
12345
38368
15344
27129
30497
86349
93372
23200
97626
67258
77618
95385
1142
15876
51585
12439
20952
92138
18645
24472
29568
15410
20796
62747
55534
82746
3207
17116
29871
98905
16028
77235
47218
89019
55639
20175
55136
11169
32512
99770
82134
959
74745
97739
14064
8804
70185
37186
47541
84076
97751
11113
26971
50873
974
83493
64937
56477
19201
89037
73487
58506
50146
45742
62706
25099
62684
19402
26887
29289
21357
73915
66489
38474
1499
53613
29143
11530
64671
42801
98764
12758
34532
82393
45879
49334
7490
79191
49342
34259
60773
14875
42980
12517
42650
19948
95414
3308
99591
95926
16238
36391
24416
59012
19622
42286
76703
41956
5930
13774
43620
38927
74847
62807
39458
20802
29688
32266
21049
40900
86967
18592
62982
10897
91812
90817
47779
34784
83521
40951
20434
80932
57493
434
84201
62746
77143
22028
87276
35927
29846
17995
11702
4611
84136
64587
67959
54449
3564
21940
43105
82051
82694
46957
1445
41036
96341
16734
44563
32759
43005
66955
68996
66213
24361
194
28196
64580
62847
59839
32608
65424
30048
77962
15265
46129
61247
66893
13756
61348
64367
77276
84047
7022
52906
15028
63141
85336
57659
30832
50090
72472
75463
31355
17407
72780
67976
45475
39820
1004
86836
16013
98119
20053
26407
55952
39638
4149
32252
87271
98134
68200
69395
62979
51507
4095
83896
7823
9535
21233
16661
42641
32586
86467
72302
4831
73501
9253
88010
94398
94067
75516
9458
68400
93008
81005
33327
86028
56035
68960
16578
281
14922
34198
86149
51279
4814
80524
47901
38
17852
79261
5897
61642
44779
40622
55360
63839
86661
90590
10466
54346
38903
74618
46561
29641
66850
85624
90369
28613
65576
97115
98496
38735
13426
41969
22422
20218
68648
57387
83047
59548
95592
14061
2791
51972
3728
87329
71243
22914
68636
19001
3565
63416
49496
60103
40895
57514
99507
20110
8853
42252
79884
93472
72189
63752
81398
1094
97530
70912
5383
93513
49484
75423
22537
77018
78160
12087
44738
56887
86981
87166
39585
57970
51245
82339
47983
85120
21762
4230
20544
25024
53590
12866
89300
15450
21112
92137
95905
44936
5654
98319
4
96752
43691
40692
96663
41987
46427
80341
44609
22844
35441
59907
97823
95867
74551
96540
87523
45013
25950
34623
39103
70068
33611
96045
23642
85122
21011
70858
2710
46157
1793
59151
59746
18298
44184
53061
95917
34797
63615
81178
28860
60327
92678
6857
5864
94169
80855
91001
94270
91120
15981
28117
43608
47971
62682
43875
78303
27521
76532
16929
54406
8529
83499
45847
10466
27036
95357
18577
93476
43035
17523
26010
10919
48926
13974
78339
46210
46019
13909
55141
39591
28427
31349
76368
28058
70421
67053
41720
88679
7815
73711
91700
33735
20590
25220
45912
92667
80375
69283
57624
45223
19925
46711
89356
88816
77295
81808
38788
59559
94814
41337
18090
98708
274
59181
74996
7440
33221
76828
86605
60041
71215
60331
30629
25131
63485
80739
713
32719
31010
27544
65578
15528
34140
68828
44063
27159
62768
74605
11735
81398
97343
29655
42336
74367
11075
73601
35945
3898
55031
2098
606
3210
21403
89096
38367
85233
89811
92807
86298
31329
92383
60564
87605
17817
78962
78118
29215
60834
20925
91244
90310
13479
28294
93135
86176
26306
19942
24029
91725
49216
8830
82542
64110
55856
10449
72259
42215
15778
2403
26308
95227
67277
28381
16701
45490
957
62960
26900
51466
78932
92823
38626
20586
82917
47418
70743
2857
71240
93168
26478
92481
97544
66227
3921
51736
44856
10233
57344
23783
64226
75476
44418
34289
30299
5174
2898
10292
38948
81961
30696
50234
54499
35679
90235
67067
54885
6670
52734
24598
60483
51134
44461
74549
9679
25687
30013
29114
78734
20032
19915
37278
21672
5703
43049
71328
92917
55308
70637
82646
47580
64835
5768
97207
92974
87959
77374
40985
35541
56599
82548
89609
24453
69143
34718
45050
82395
46129
21216
55655
74722
3788
61506
80749
74643
93936
79907
54683
50337
23430
77097
45288
46411
8796
76842
60831
90290
34558
50618
51168
66362
13583
19793
3672
86419
97477
1694
19533
12470
63595
93527
21071
7323
356
54107
66084
64064
98102
74021
36112
49970
2579
21676
49664
9409
55745
77875
25019
57057
75568
98595
45971
73793
41810
50678
57629
93853
22933
26307
64325
68606
18798
52437
1107
32052
94824
79527
56563
65027
23856
50962
82166
62498
22240
70951
65059
27505
41298
61605
69702
92473
73154
43424
50794
43256
84506
44953
31937
32307
10265
66469
86145
9343
5701
9673
880
27562
92243
21561
80918
13688
8101
19234
24541
89446
72285
2049
40823
3943
67290
73086
13698
29687
7170
38605
52510
83583
20642
49832
1774
94685
41213
48772
88122
77737
26199
66179
51853
473
12308
66671
44226
22396
31592
20874
8413
25346
4504
80572
46959
48923
56019
60771
18944
81776
79218
1249
99582
29479
67100
57104
66299
51627
74031
64586
79915
14052
2310
52412
41929
90829
97200
5844
98325
39045
61141
6080
86910
72454
49627
24023
87066
70090
56414
3906
89809
4294
90217
2901
96019
82909
2839
5344
29688
4053
72470
32536
81409
94951
10252
29275
63628
29465
72768
96968
58692
53778
39859
26368
4236
53882
53834
82555
7123
17676
85128
63708
90675
49051
45425
72842
71286
37834
11737
83028
75168
75174
84531
56390
7565
39824
94460
74843
11151
6992
35052
17029
70984
20486
82671
71125
27685
316
33346
41659
46953
25672
24832
9703
14146
79727
8289
30894
70780
56738
797
55191
61220
63899
4094
8652
4876
68532
59932
54351
88112
56663
20204
74632
19178
90974
1018
66461
30625
15445
42935
25084
46899
65580
56637
21110
94368
87051
53088
9282
75490
92988
34417
59979
15131
52468
61924
42567
12441
36158
65481
45901
93596
25053
46085
50034
73750
87811
56263
3568
39079
64873
95632
16699
25755
80703
17364
12417
34857
36354
48512
89699
39931
95052
37910
36462
3693
72586
72743
2206
49112
39420
37708
4047
57824
32883
21575
6642
69253
1604
58603
48708
38135
67413
99302
82006
31501
44447
81438
30151
49310
74110
89214
75501
96065
92178
2140
63426
28549
11273
78106
5131
88905
56220
78337
48315
72213
3420
22505
29993
74156
4203
80314
84629
48441
92448
77253
54795
62693
37166
48592
13047
32499
34971
67326
63231
47938
80245
79233
96655
65276
95872
21693
73982
47696
34076
71567
67433
1516
40747
86476
98386
56108
51409
80450
1451
95914
75729
22820
50725
27804
8173
94587
13524
3996
63581
84393
8263
54539
41911
52141
93901
59113
54847
44736
48805
40134
79494
97769
45930
52803
55185
5266
94181
59196
23415
99279
51167
6444
5577
48521
76063
32855
49715
79884
19484
5889
34052
66253
27043
26681
25677
75860
43080
37611
22083
93373
39249
71496
54305
23147
58411
29259
63513
54147
63552
82490
9658
74083
49729
17108
25301
36963
9000
55542
85214
58565
64878
35810
77858
74170
32617
29224
33041
22096
81670
74494
54580
26455
49786
57858
79466
69528
17534
11259
35867
83911
21290
70424
59369
25943
3328
10038
97347
39946
26446
38366
47215
59713
55121
64302
99154
92447
28013
36860
4030
14786
59695
46435
92250
52571
28684
23169
17481
3768
20800
77051
42163
1956
61118
94188
82909
36890
65356
18162
77663
8443
22176
58701
35867
13933
35384
9260
17422
7626
72390
95925
96127
26604
20462
56655
46957
20185
58851
19292
66024
79607
89211
18453
93592
49950
39337
35578
93196
41356
4641
92135
55648
78841
57396
75618
65635
16618
51401
76749
98118
31908
39189
90552
54699
20372
4639
30269
82866
42980
73145
12136
40549
83457
4371
11778
77358
38612
65081
46148
96001
55551
35976
84414
45444
44042
70672
91631
26796
19720
64738
5331
2004
3920
70508
33666
59191
36928
3437
5557
27087
17809
18633
34528
18126
90913
91268
38134
32802
12475
79612
83323
42418
88947
1281
30517
10182
82929
63981
74501
32465
21508
42882
69032
84817
48488
27119
98545
28975
57041
5213
31457
31775
41718
46484
79959
43251
13823
65709
86352
83482
46948
50857
17000
74709
66964
65511
90194
58511
15827
3712
37349
39228
1643
49579
61828
14032
20766
52834
32309
93833
48357
9105
60215
20073
45987
38250
5027
69149
67713
86232
55079
9583
53584
51336
80285
97175
71449
54838
89680
52113
79888
59898
71305
34939
2991
716
10529
21678
67415
20233
17181
72958
23349
76146
77864
43319
32775
46220
45712
80324
6114
88984
33273
33154
94261
98321
84258
87313
15267
97971
82314
86300
65633
54520
87157
8662
70638
54530
88229
18061
93480
31182
43621
66141
95951
55664
19342
84715
11080
90773
90024
20198
52598
15991
25081
29843
19738
26460
56834
70207
63383
73166
93387
41331
87545
77598
78502
92100
68906
21219
61266
87142
56439
28170
89286
74245
12217
28846
52091
57622
91044
26145
15493
43514
43782
82393
31739
97555
24085
31902
33757
4535
35457
64460
27967
36512
61377
44997
35519
25092
76971
85858
31411
89890
99739
33899
10783
74581
97356
58885
51043
10699
97646
21999
12541
53227
20752
10784
4038
48286
77575
21844
64561
59833
62190
84588
30969
60015
41911
92125
23797
17712
52344
27444
53932
56654
68753
51575
39466
77993
62064
13834
46640
3771
38125
99049
80369
73959
77822
61719
23965
22801
61855
99591
75340
81007
47244
43466
61099
92769
12714
42134
13665
46324
58620
24184
37508
29042
53989
26996
74498
49802
38177
12020
35437
23525
48505
19660
16283
60765
10863
8113
69712
23069
59218
70133
62741
61946
45480
60170
9579
80321
73145
67585
60009
57572
13309
76538
34233
19687
19015
7085
18330
76392
62917
67810
1905
76493
41466
74570
34331
47822
40812
93109
95690
16928
82941
21968
78593
42893
53164
48731
84872
33436
87765
28764
56114
35123
25950
14205
51686
90222
19344
26778
81250
25583
78607
19077
31571
84087
1860
33428
70535
18818
41128
95364
53183
93274
31266
50222
27644
6369
22908
43803
88178
75926
16662
32372
16271
39174
89150
20094
63161
33986
44060
42885
52156
60794
98237
1917
88916
64886
83416
8222
59831
73825
76963
71928
29273
32993
61030
53351
80535
86700
44724
40450
33455
39490
30882
72940
99688
89134
31921
93403
1084
5524
62918
32366
15782
25039
42066
54665
32622
78950
41151
29443
87156
87019
7776
67604
80997
83130
39566
17692
98360
42902
62696
63973
54496
52179
24872
60067
43089
68219
1027
73816
93893
99642
26542
97236
12681
58767
65143
39110
86561
47651
42825
54289
70949
27207
71305
11682
2821
92015
8863
31458
26216
94031
10590
31963
57689
51864
12505
69212
98514
74323
22676
55816
39204
65708
71373
55800
30504
54959
53852
61624
46019
98908
89102
31335
28542
93439
11052
83516
28666
98242
35002
73380
71232
19688
88883
12135
49926
50384
86895
13088
19830
8042
44117
78288
4879
21494
56987
87910
79885
79918
95277
69903
66158
45033
28358
42018
78126
66291
44471
38098
14195
45765
12954
92295
85333
78020
65073
97113
94464
69819
25509
52455
52699
47219
3305
2028
25906
52463
50729
32186
61208
64971
3163
75982
98987
89285
7309
18912
19725
4466
36918
83890
84638
85041
32406
92245
87372
2514
38130
40184
87253
80825
52564
44222
28127
76444
90847
72571
52765
22349
79807
34022
61515
56282
88178
18065
78370
58240
24381
35108
55082
19724
28917
71177
45488
96057
43481
61217
32865
88192
76443
79364
20827
1688
59127
81418
30412
78589
29972
38748
25074
37119
187
11509
52728
4665
31064
96145
2347
6069
32814
20129
96311
89995
4793
44334
90809
4260
73251
89068
9018
43700
26847
87074
27805
36304
738
27602
28970
34360
10958
80669
30512
28319
60369
36535
74900
2987
46704
52812
77365
41284
72242
14043
35994
39624
76703
19844
30446
28414
22728
11370
18579
85729
11446
22332
26884
39445
32134
99555
3048
29251
75772
38875
8583
19500
29284
81825
63807
80648
1395
94636
11450
39299
41943
96433
15866
98817
31615
50501
80699
22356
58668
84621
65676
68698
1152
5354
19534
1165
33804
67094
43183
42375
59697
65291
74208
56092
38824
44088
40371
34070
75440
86248
89771
30360
96863
84671
79533
57743
29122
9762
49259
66083
31396
36934
88279
17774
10147
42935
16050
6793
17
45173
89581
21460
50694
67581
64974
77109
42719
17938
27638
63007
89928
76720
31549
56043
47716
97352
80836
87131
551
34796
75708
18839
78190
89131
62023
60119
83941
83176
58840
94362
52841
804
56708
65173
34167
97990
18397
19647
40472
54337
73570
61029
51728
63664
83483
44865
52402
62009
31613
43672
36668
39996
55305
18614
88982
10337
23131
71926
23823
83169
46590
13859
99578
63717
58711
93061
61437
83394
37947
96417
45834
51191
71930
95997
50635
53430
2700
58990
78952
60529
84236
53459
70144
59094
95163
80736
47920
33952
28530
96615
58855
12429
10348
38295
48152
67932
21465
83562
18322
69310
18284
22704
59316
24616
75026
23453
39083
30746
41962
21675
80562
39591
56143
83949
86686
78415
5459
41663
87543
11158
81970
32019
97329
27136
73951
21030
29352
45178
54076
97960
81995
79579
71063
52713
93180
24889
73087
25947
23307
76703
86347
45681
67499
55084
46325
64369
61292
35253
46238
87808
81642
9778
12443
65966
43817
18689
16632
4537
55867
73022
49307
25012
83926
16949
45550
38084
80811
58459
8069
95675
43827
89056
46255
56519
67865
66296
67540
44615
98250
47475
78429
77221
29515
73830
78322
23877
43112
35662
42412
95943
14828
41342
42093
63376
59132
98695
7686
81326
87884
87612
62791
88619
14353
77104
30192
80766
28203
8009
64207
64559
94334
64185
72726
52194
81533
86354
33457
33690
86360
34433
64813
93577
35453
13838
61041
6909
64185
1207
81786
54716
66122
9092
92371
38900
66455
5604
61582
68775
37624
6383
65098
90801
23379
34176
56481
77706
50788
60130
73269
19319
57501
70683
49084
46067
20344
65728
15002
74994
60160
36564
31330
73986
32238
74464
98094
32534
58397
80790
6463
49958
5211
62445
46324
21112
75258
7281
36280
70831
31742
31740
50793
51939
37195
419
23768
72679
16940
75218
82368
50643
87506
18338
85469
77127
25533
15495
55143
57240
26556
69646
72220
65447
53492
35489
19321
74950
65088
57613
71393
8910
43236
21793
21561
3451
59141
8912
30663
30987
76807
1998
95820
2341
79557
44637
99230
23008
55445
4606
66111
34977
63597
82661
29102
57115
81797
60364
4748
58984
72502
18125
74530
50542
68906
57046
10042
71750
3425
56529
37129
35876
89052
51348
16007
35588
69850
30113
12478
78272
72492
14019
54686
90605
36709
49934
81662
80357
74092
35734
48695
28881
16776
76943
55400
82413
81785
22760
1151
6220
16541
69772
97859
51300
34265
68988
59560
93373
35775
18062
41732
14355
88144
1739
41339
76485
82869
85048
46881
18678
85799
74610
55208
41323
70780
97336
7803
18848
43696
24818
3264
92491
32196
25229
51215
36008
62601
73663
36578
23390
71372
73168
30203
68527
53247
6577
61740
24915
16746
9081
92841
88226
23023
55272
94850
27919
66164
91451
97960
10561
11743
22885
41549
5167
42730
71589
80487
69192
90226
55550
26864
92753
3680
47618
5462
61456
40460
29398
10742
61368
73701
42416
54445
64052
65846
24954
72615
66141
83014
49438
40721
11239
298
59563
50969
33572
80905
85426
46711
79857
78418
31971
97255
45552
81219
2551
93929
50888
25305
12040
53559
1636
91104
60972
92320
31335
4326
99206
60392
9454
37471
13635
34650
22046
88897
25297
54124
83985
44127
24678
60968
90295
26686
4173
33057
41721
46687
2688
51246
95290
20502
15017
62584
97223
45351
41556
45334
81688
3166
81106
60819
32941
18142
22826
77593
46045
53313
16841
75946
56585
88268
85133
40688
23695
43262
16945
65834
84714
17951
53167
45687
12621
28734
63605
65913
36016
26070
97067
62679
27585
55375
80719
11680
65100
15029
83354
30656
76472
62677
52785
61512
15463
50644
77203
42877
29187
82829
72932
16211
30382
66993
70624
84732
86274
50038
87336
3229
57464
88796
92340
1806
86761
5214
69117
22721
36345
31171
7941
18000
81436
70764
347
66231
73917
71574
58055
69255
42088
66744
79133
95578
36957
62271
73534
77193
81260
25420
64323
79966
13474
37042
223
57683
32256
25117
50293
29070
68695
18261
42320
76355
5246
42080
91859
41842
28272
95919
53253
95803
22741
96375
7552
32891
29513
46768
10856
61514
31683
12403
2995
34356
56201
17185
85541
14715
11825
72972
7982
2067
87505
47556
13110
16891
45561
28207
81536
26764
8459
64407
30844
90410
38071
78929
23199
48480
76730
93189
31897
22108
84511
19490
98135
54633
24445
86167
19065
33639
283
6135
33760
41505
63088
5808
13075
49907
25980
18296
6352
74239
85908
7389
17262
77879
26250
99031
2210
19369
70818
67894
59790
32121
47688
45970
84996
69281
73938
50509
356
8112
3906
61108
1710
88694
38579
99617
73029
24648
38118
8059
13085
76759
87621
65449
11295
51974
24140
1666
21839
39842
38771
24180
16423
45030
94799
28347
2928
12174
3357
98560
43538
6134
76044
12222
11495
40532
18886
86278
21875
49898
30714
36539
98830
81190
39137
46166
69621
22535
11253
20400
42477
45354
2741
88768
12148
46657
52549
92436
81585
57306
85443
52112
79763
63726
5488
70008
33780
38436
92818
75887
56502
26027
90612
27378
74404
90442
70889
51026
861
91208
50987
91654
47979
25571
40508
79634
93016
88658
4911
68464
8649
7767
15702
55841
50887
87186
75730
71430
85878
32653
17050
49260
29724
7656
27839
56472
82042
54243
16753
85371
93142
60000
96219
95242
230
78020
92637
90925
18574
88244
80061
35291
39305
54539
37061
36308
56348
36362
75829
3343
58447
28384
95662
88368
72462
24255
36397
48063
18481
13051
24923
91167
21717
31133
35436
71713
27921
1089
93896
40869
64527
13861
8577
63768
28727
37984
80886
24137
26237
44959
16338
84792
87562
90497
70400
5384
19801
74741
1548
55341
53168
44150
28550
34168
69705
11062
65496
8305
70167
85148
49591
92218
17596
4088
40609
72291
58518
52241
95898
36475
68752
18854
26288
1253
81086
91803
20218
95100
44016
60266
90363
7455
65804
40290
51113
12425
28833
78514
46270
72027
50532
80436
30187
87543
5565
12315
77714
71561
5962
88089
1859
13632
36449
2704
43766
565
34964
72396
54136
65423
62132
49954
21537
71684
60114
98146
79913
67233
37655
5373
73085
51515
83147
29745
91518
63244
18510
5229
3500
18953
14462
11839
40155
3844
27462
87892
56900
80927
72977
80434
89689
79226
8028
60502
29603
3163
96423
47869
55691
3825
2928
60851
15748
46883
27593
91762
82811
92657
89633
6311
26526
11795
53964
3910
74747
68330
53861
6501
81353
17682
79288
96665
11415
86860
85495
24996
30297
5395
27474
29262
90189
92052
25668
8971
33805
86206
87887
84957
94353
68867
45732
49068
87144
25253
10240
84955
16188
42694
8476
16407
93689
58164
67472
80236
90366
93029
93652
68696
36550
70088
61983
63085
56606
11075
11110
82187
19155
39628
80646
45196
92109
15233
11753
84598
88780
85865
42466
41024
437
41601
74019
74706
33120
23003
13003
18142
31105
31096
91881
60318
46381
72001
60328
84004
61391
54043
49992
53554
4100
59420
34357
36120
99790
38855
93866
61252
10601
82416
26584
55006
28426
68529
97079
52991
37212
71026
58992
1277
46702
48007
64343
75179
43109
87276
10938
55639
64460
42452
45569
53319
22905
26768
29351
52686
85913
19923
54097
56138
16687
1526
18542
5938
4035
87003
66139
60536
63025
43345
32600
42332
20362
1249
12689
37556
70738
77857
9849
36693
42226
44583
12660
32071
51247
56247
88753
84276
86675
11485
46205
49404
9427
3869
20315
73079
31112
47792
64034
35824
43838
75390
90204
94852
59231
75807
66082
78994
46682
79578
79594
96259
64389
69860
78036
15826
61751
46638
7608
10528
5365
27384
25478
36062
7592
53640
83112
98618
84142
34408
74611
58952
84503
78507
93272
79457
67288
89252
23732
71191
72858
48725
71734
35280
99428
91828
34765
63836
29585
68059
73144
52608
76866
1295
29159
90418
40405
55359
34456
61094
86132
47175
92655
96281
82967
82546
32466
38670
68053
61210
31763
49207
10846
75664
22062
13149
89027
62937
5800
43191
11040
96397
84361
40520
95387
30337
58049
43813
52422
30184
56297
65390
30582
31857
79481
1860
32565
14517
97308
68069
79810
53137
85526
34620
60181
74666
48567
55886
90427
50344
82513
56005
46178
9560
12516
6340
4537
98373
26402
63934
23370
5735
90172
22272
12484
31604
90008
63101
8032
79740
41088
28719
2409
68219
15268
2446
59943
14429
86476
18102
38375
39721
14431
1954
14593
49942
26028
82212
76354
40770
52460
64234
61154
27804
40286
87890
34423
57786
56226
9244
34447
38034
88419
76206
85358
69579
76889
56227
1837
9375
16355
41799
67574
71315
14485
4245
38287
31779
53361
56744
99643
5070
59832
50189
13916
51362
39819
11790
4231
25743
53532
42411
49914
30851
92426
76524
15521
45971
90735
46704
76549
97789
6807
23488
76958
71725
29199
66845
50456
98747
1367
48560
54756
41583
67390
18895
77508
9899
29653
6434
25123
51325
18856
74866
54895
29115
77443
55020
73717
80675
19136
57010
52330
64860
73481
33241
7963
87596
15363
46846
57657
92888
78045
76140
12618
66582
8286
59207
4223
54877
16711
64237
6021
106
87971
86373
39785
38337
51622
59827
97942
86470
74190
92096
33128
81912
70444
40211
23835
12494
62120
82290
97016
913
12898
37444
34685
38943
93759
61933
19871
42422
8593
65101
62439
94259
37614
15765
75461
87868
22593
22043
80192
65600
62666
96022
73267
90556
46916
80005
97180
71480
38908
66068
82103
25144
3018
94542
34792
13869
73019
15176
96759
4065
79114
55916
46910
400
82264
20091
84471
57992
63546
7166
34001
82508
33848
27654
46684
53957
12627
35691
65851
69241
32269
7629
79851
56790
2855
17011
40742
19466
47906
96759
9716
9597
5141
9587
85224
14348
55549
67975
5891
6810
84023
98084
19142
41625
11223
4645
49672
34370
86777
63377
95601
23331
9082
14471
55059
35947
81308
37542
39737
97380
44515
90022
62546
7670
84074
2385
17803
8230
88465
14381
1362
35069
8226
7795
98347
81643
50052
15798
67592
71882
30622
16806
68195
99210
95227
5718
78125
14699
37924
84236
45053
32395
14605
84502
28305
57313
3483
79884
90020
74416
87683
43222
87012
9838
50737
9498
37363
32053
28579
17437
84553
77891
2039
15685
17467
81667
40458
80170
38989
50493
48314
8778
83649
79087
43162
32047
32524
8767
3065
40337
73119
53674
94087
30027
39724
65885
71788
34947
86127
13564
21958
70856
17233
25081
39787
13094
3200
41570
26597
50648
40113
21336
4378
53017
63677
91454
52818
83947
42799
19195
71834
6784
10767
65988
94359
70531
30339
55175
53935
61597
3010
18800
80909
66115
33648
74720
88635
14829
63942
88952
19284
15918
44953
37794
33229
31307
39046
90243
59443
67271
97229
45089
33281
84794
16835
37047
51965
99732
38845
57241
37719
70124
8377
17517
63698
87742
43449
68274
5923
43380
58890
28111
99219
90333
33820
27947
48682
9568
93092
75040
52915
95728
75286
73158
8898
9006
25370
41030
1782
81533
86530
35787
48482
11288
17790
25942
28782
66435
45782
92937
35432
60379
60485
47692
30227
47846
95296
36336
53089
10963
34476
28021
13325
28173
28715
16796
53065
69193
78684
43868
71610
63960
55522
4123
27479
16408
66291
87352
7260
89055
79519
64387
85496
73815
80897
34505
7845
94413
33228
57398
62492
31045
70289
32018
9216
68756
61496
30585
42463
79813
73004
47756
4739
55843
42633
11091
64013
32130
60580
84676
40289
7923
56303
5146
61232
55745
5171
58963
64507
37825
83649
77767
86631
70636
58172
11038
58521
31475
56551
84174
51378
39219
79013
95912
52495
79701
76731
19647
73873
24955
79356
6190
22099
56701
75677
7080
18823
81343
43853
15374
21138
55953
18960
14323
32631
45412
79970
51635
85880
23425
48823
11594
5176
59916
75206
73255
77353
36261
21987
70769
52650
43295
41376
13451
84510
10798
82669
63
29902
6808
60053
83627
30934
49874
50830
55691
70096
60665
96443
68793
2229
52136
53329
28083
85463
55133
37139
4095
46895
5788
46223
45273
93951
18901
70304
55534
63082
14416
86987
56778
75097
3518
71294
50378
82055
77363
4588
49120
85799
61208
72279
81575
32456
502
49599
17355
55629
23898
13825
91587
61433
35809
46496
95306
69409
83036
69968
27210
47902
96538
67774
40846
33255
90428
46906
30937
56484
90792
75438
5252
32304
64730
33939
19617
16974
86253
1763
68582
47568
97347
87124
49729
87449
10825
93831
20530
1452
55188
30941
87180
11469
80120
21183
31937
30818
48423
30992
82897
94346
23483
71164
63010
15898
76021
32784
59571
47246
21069
88555
9517
80506
85756
73327
34563
21802
4229
62805
99611
32431
52
3780
62359
30934
18177
36429
54831
92588
39691
22837
83984
8638
30164
34205
7906
14910
13994
99147
8404
13281
46273
60454
27389
36364
57042
4846
96392
94095
43852
74228
56616
9204
79600
17092
79242
4204
18013
62985
85618
76735
16726
15939
70975
94836
23216
41292
5187
74656
63406
68143
62718
13973
4787
49088
73119
69814
23762
84187
53062
56412
67151
51835
20564
93444
72269
42778
94901
18492
9368
14371
5653
9976
1225
35496
50314
19185
86279
45357
48667
87606
63455
55214
95185
15191
64854
20528
34638
92569
6573
32321
51366
30140
13795
40393
62320
23147
62699
35058
58975
30674
94862
80407
58159
87705
74982
10244
37790
7095
24668
514
20340
11565
23150
47285
74511
55190
11730
50355
1965
11634
28336
91208
4323
36148
50831
90514
56862
20289
28312
86850
72956
95842
40442
20483
10402
27793
69276
16986
94347
15940
28367
50051
98729
93491
19373
81093
82169
45739
58327
19265
29740
3196
53481
30181
2824
58607
3355
23935
82964
34962
21015
67866
19378
8554
72291
76726
58041
97731
14008
10535
73982
10748
8422
2963
86249
80280
34878
16262
4560
13467
34920
5090
90400
16666
20317
1747
43757
74718
22016
54332
52822
85469
13908
27326
59347
72860
31050
83502
16326
56488
79567
26906
43713
94896
36445
59609
28749
14262
97506
75805
84783
76964
31144
33768
47368
17592
69072
62505
18997
83073
72211
12947
13397
43936
45743
16252
75773
3455
15610
60908
56063
34715
86161
61864
59001
76738
55125
36366
58238
11960
65316
71876
83021
87419
67308
24765
61025
6422
48982
86736
95087
89068
28818
93089
16270
48061
31306
31423
87221
4666
80596
30372
60093
14617
29265
27555
38692
10346
49025
61982
40141
10560
58889
52832
38104
84281
61540
10080
91216
48873
93503
34232
60654
40496
84599
37897
85992
15039
59673
6442
5706
69369
58555
2077
81403
88011
64121
31566
90294
99039
21073
44980
41941
36235
81758
44948
71604
99036
81037
5627
72661
69670
62472
22190
93710
34362
80928
21294
98672
72030
57487
80616
73454
36782
31433
24543
14707
41162
85939
97910
38903
42523
29288
95031
94518
56056
26790
19067
56794
79921
69949
43250
88433
69317
79398
74003
15148
97536
12388
81383
72665
73002
93801
21447
22135
58303
4468
40811
19161
46950
73531
47334
3810
38528
79585
89308
9268
41454
9513
346
6292
23156
59057
9411
30559
39239
10935
27731
58856
73958
91545
37333
72889
17324
1955
3467
11036
28357
56868
5173
14367
87659
8459
53086
32515
7714
54211
31004
53784
73444
11453
90875
74525
79711
70141
69426
5365
9822
6763
75766
41730
85183
95879
78873
36457
53871
31358
75206
50290
41495
26556
35412
52655
34378
71016
19208
74677
96936
54827
10383
80937
49251
316
35453
9854
98918
55319
28872
61408
81201
76921
89822
5783
50200
86648
96523
26046
15975
97299
92845
3437
3597
74472
74716
51689
72185
55282
92238
86047
33942
32063
28858
12909
92816
60715
41679
68427
94278
41095
99938
90468
64418
14855
57396
76000
53981
33566
93551
55342
99345
67329
35372
63835
92486
44623
54323
93475
22433
1682
44691
12338
49169
69399
88142
4901
27790
36908
96771
36452
41477
16053
77066
44311
40980
7801
95431
4526
83742
38570
52172
84649
33121
95896
4673
74723
62930
93086
80165
1093
64347
21319
76195
25289
3621
49004
98804
8944
51272
36073
48102
21584
17177
37813
25743
39491
68438
83780
42106
88843
6709
15796
75775
37463
62531
96618
14062
65188
58097
67957
72702
95400
70942
11410
76432
26404
72045
32329
12621
6882
55189
16870
2003
41147
26642
80504
12566
56512
78687
13941
92735
14679
69101
76683
38806
49177
45281
67830
91662
85713
54975
79576
71933
26292
3456
76937
92386
21897
18996
48311
39489
17254
43550
10283
32846
14648
66425
9912
20309
12309
94749
46084
97644
33285
66886
40869
44995
68677
77739
89593
36145
65617
80153
43387
86219
66239
79456
78849
57361
57409
46786
37865
63158
40444
6563
95638
52725
51066
77405
51494
55878
47061
87255
19967
55536
31674
75935
97544
48176
48388
48381
40699
99978
79259
44638
13456
1999
45831
33511
52190
2680
88787
55293
34158
19243
34871
22403
53347
53112
19731
35604
29849
56732
32989
74996
8250
98793
68937
27384
42973
55578
73265
66724
43037
13196
15383
66974
7638
1961
98869
85745
46207
82574
50600
85904
89116
75975
12824
92514
33666
4849
63735
10565
94428
5470
40591
18143
36636
39068
12374
70904
284
52066
54069
31651
90853
38907
44697
38136
90278
12578
65529
8084
41711
53724
78978
77522
8511
16532
16657
93102
72158
45302
32915
43721
85146
63384
53399
88369
64270
999
50284
57655
54136
82503
17993
79258
45103
23878
59679
55459
11939
44679
41192
9316
71598
76525
50594
34764
29512
28018
48543
71587
23885
20370
67598
8887
2287
81651
22755
19508
24294
65501
78979
44448
63922
6169
11757
95278
44954
11225
8178
91475
70852
9659
82616
99706
33095
96332
25629
53148
9783
40080
42186
68086
87010
49657
69480
58213
67283
66602
42786
21097
99450
25238
88635
71704
66081
86482
34704
24107
56757
76055
34144
64644
81511
82287
9921
87258
77012
81271
42209
63873
63441
88511
32417
31799
93494
63808
75609
54992
32396
99139
7620
54990
60713
96008
3671
64262
92390
58249
33827
62415
36014
50797
28255
57526
88122
87129
54043
30358
90838
87858
12242
65498
90756
41930
62651
56951
4598
85331
29289
80291
60694
66720
50903
63046
97422
85342
33727
10167
12276
14601
64608
43019
84799
31272
75718
99839
1806
35880
80504
11642
23484
56929
19075
12882
67261
62314
94002
65650
27285
1448
17877
63483
94647
69531
3973
22494
22663
58506
36477
78178
33250
60233
8579
1802
1726
73359
97773
16454
90529
17851
84713
12365
65937
60573
65499
31203
37106
78496
29636
77936
80119
52377
48842
97838
86538
6645
90767
22642
64876
50975
72217
2132
15930
45086
93769
78108
81642
39859
99085
39024
70221
45495
59987
59834
71153
8329
3438
26234
21105
43845
9677
15500
39264
1365
66018
61970
51053
32628
19186
15955
10357
8070
70011
24688
53762
5589
20783
54965
7606
66889
82362
13829
86520
4443
44470
28915
55663
66471
43356
57346
33231
85701
78314
80543
55170
80189
20420
45983
912
66705
6879
44718
21579
71828
7302
56312
95311
81351
84847
87159
12350
79873
94339
27891
76224
75099
60645
70329
61479
73587
80529
55911
79026
23892
33459
77215
66794
88563
53408
24796
50337
64980
26426
40019
18457
89149
10484
31699
20528
26222
90143
6296
80877
63991
65779
29175
36329
60848
4166
27107
23884
73971
90721
92572
74821
1250
56217
47242
29454
66197
27536
84350
47455
24839
71195
12504
39382
19726
11034
38387
41309
71231
11085
28294
58704
97197
63433
68064
48619
75218
62959
86273
20787
3088
58342
18401
9794
49843
32745
28296
54270
42544
16850
77427
37312
2989
6791
79138
72114
87235
37920
20248
31782
90362
68416
6318
68419
35266
46875
53979
64482
66509
77639
23844
6437
1771
19008
91467
2178
2004
21091
2229
25934
93526
71434
41794
75335
3289
41876
2024
21161
49082
86532
96698
49182
21958
40980
26373
33503
78372
3856
19217
29113
8695
224
92262
80908
50101
28753
85094
38472
32593
89148
82854
51527
69593
63452
22458
7916
6912
41217
58044
49934
30345
75956
73615
93837
97316
21783
13479
43111
35433
7459
67346
1434
11396
69367
75465
71679
10627
22139
95520
86417
9643
42366
24139
50865
47511
10830
41392
80432
69780
79930
19152
92727
43066
95182
5707
77916
55970
3530
82852
42168
15106
53340
37980
49277
85024
73491
15623
45040
16004
26367
40394
92133
657
60734
19515
19111
53469
17796
25352
69794
25112
27278
46042
35633
5944
97533
3056
14657
10553
41085
8802
66195
70070
34225
71963
85650
26529
72482
62351
53791
36408
73947
931
93503
12463
37318
90677
81281
43695
89628
56508
97048
50835
34872
89502
47686
80523
2361
13289
880
27164
44140
57797
13905
42996
5922
23415
31699
96193
94548
44816
25376
89572
61031
57849
61631
92877
94758
55692
89537
7979
96593
10848
77396
46541
48530
49647
15250
57423
61699
41658
18633
28784
17215
55668
68364
63817
73754
91122
16272
85551
69728
43197
54128
92750
29012
65618
9206
54587
90910
6788
57476
36246
85493
25162
56470
76157
16538
94906
14510
25604
13155
8446
17444
24450
35658
98366
39502
66232
80457
22774
14429
97578
96443
76405
37247
41545
34858
21011
31831
26706
40049
79713
42064
25684
31310
88020
37964
20934
87886
81832
72349
38377
18535
11987
86368
87423
11716
11874
71682
85327
40230
97044
66338
2804
69498
42758
48319
51828
17156
25699
29794
13407
86606
71368
51421
30115
92377
91754
79322
89703
47817
30439
56893
40529
71713
26331
25713
98567
5581
78933
7198
48925
50026
3790
32102
12361
82221
59605
54325
90027
90770
45011
75857
80642
97187
96005
85387
99049
6085
56838
19022
67381
12673
14702
79857
74297
28356
64455
29198
31621
10789
55559
29492
24264
25967
98267
49824
64404
38306
80581
79936
69920
55507
59330
70733
78174
33636
19668
41482
89777
69903
21629
7337
52048
62601
55620
58387
39835
24643
10936
42399
77379
78481
43527
35324
48354
47919
10736
87425
66535
60190
42299
95150
58318
14100
62023
369
64276
39267
80356
82536
44764
62243
99716
39251
32536
19081
85604
97567
79113
21518
84905
84012
95396
23603
39054
44776
59299
75873
41889
7175
68719
53052
84420
40071
29810
17424
82642
98
15955
36243
2080
87651
49625
87131
51859
92450
65894
45631
82919
84164
72032
40338
15859
88232
83603
21738
15744
98830
45624
58645
79693
95463
51212
42031
98844
96474
84126
58157
49877
53752
59796
74113
49520
82772
5661
73207
74446
28109
21021
5791
54055
15471
3262
68245
99156
83395
93442
29459
70613
73076
43201
97976
76670
40989
94499
12408
81365
33773
86834
63960
79180
43308
12716
70262
26981
96158
45911
60932
14921
92218
4036
92973
60869
91034
77849
55699
99986
2900
52888
52129
46687
62853
23232
25994
48500
3609
88474
33838
83193
5323
50799
24101
39964
96840
95843
15313
7578
20603
77314
70034
30225
42983
73722
55069
58128
43130
84596
25055
91239
75946
87212
36577
9167
37720
98707
22083
45353
77199
58600
16212
14164
98096
88721
50094
7968
71540
64428
65386
48478
34956
68389
150
76653
80671
64080
93585
5579
40175
45591
98113
12961
29946
6456
36628
73657
82081
65162
70253
80213
18723
24529
45466
27899
1881
56160
71694
38381
24772
4854
31052
42520
81284
13598
76102
61289
38658
71287
27576
62003
14191
5857
27216
12139
33578
55730
24367
27999
18175
16668
74915
23287
99765
45078
68571
17291
23632
70505
85634
80278
18565
15401
5653
66988
97754
27648
6681
23257
87126
20446
74250
65635
40340
61828
81845
94579
84674
19614
10392
19858
88491
18331
46608
24859
91476
17616
33788
79704
50494
96469
40324
34228
93678
68183
72723
17218
14290
16806
60102
72704
55894
14596
54854
90494
88014
17460
39075
46702
51450
63561
62756
58300
15394
44494
85675
35230
21641
87712
97191
56811
95251
82076
86923
70348
18217
64017
32034
63087
69296
5478
26460
64535
68285
59567
8305
13808
86669
30787
6557
32032
8997
56697
81750
75171
4216
46948
51286
89268
60486
20494
66892
41328
17944
76093
36746
40307
64710
76868
86858
44596
92898
59054
67752
5521
40246
97889
26294
66168
25070
78355
55597
48227
44642
21803
96796
15665
24131
31245
23102
3888
23699
85846
77343
99443
14591
47765
62763
88502
63848
357
43296
36364
85778
86132
52397
44097
15465
87056
16000
37967
57455
56878
53349
66442
79113
19423
14478
93911
65641
42539
62197
48554
35194
79716
83313
46638
47499
60017
9200
1760
71951
37489
10494
42123
57328
26093
77860
10307
14505
60922
9273
71911
41335
55485
73886
41128
36538
18166
93898
85881
72721
97261
98099
58304
49501
50085
2039
16747
78530
64585
5294
92607
10923
30491
42566
24426
92161
46536
54012
63966
84037
94651
56908
26522
56039
47387
9809
96375
71846
75430
18806
93004
70316
35651
16851
62117
58425
33251
7519
2345
24090
50833
38542
99690
84553
34631
84319
22727
43345
64859
2900
85454
20945
81094
70332
74665
42246
36493
88381
19390
82631
81199
72728
74979
48967
76436
60017
73886
15292
97974
23315
71589
72394
40404
92745
51850
73149
99101
64112
66226
79577
94498
5019
61509
43159
51799
3850
35237
1651
68119
68511
62229
66210
63055
12505
22994
92537
55635
63368
3854
21938
45020
85078
43519
51858
60198
40902
90936
26261
70594
7620
48077
52022
58574
36337
32791
2661
93835
59339
64022
41453
61586
71919
90286
83232
34589
60162
63410
12876
82679
59057
90426
66510
54063
20643
89055
48364
76795
47771
71471
86117
87211
22112
6899
46096
61889
99935
13403
20282
6550
6315
47102
29349
85126
48709
46617
24405
91931
67160
62604
46484
35472
60320
73197
97918
92507
98727
30429
15869
34369
41446
21733
71732
19028
96425
68609
5965
43456
81337
85268
48981
87706
15724
94242
57358
31127
47280
40137
92301
8493
97245
7674
84083
17853
992
96257
5557
80148
3140
70275
20799
32429
1678
27037
56171
74680
70652
6362
35131
5384
10844
71860
71234
45530
10816
10222
66404
47335
81878
62045
94211
66289
13547
40081
66670
38850
51765
62086
72284
9514
55789
23288
12783
22045
30081
9285
80901
80420
36144
47340
75359
72585
59307
55462
56009
60627
58728
99708
18498
9311
13301
75333
24932
47474
5939
74563
95257
23678
99352
21122
80669
8324
21732
70819
28798
22689
77427
49597
31993
95182
14834
97946
31207
80215
62827
56882
32123
56143
46165
91193
14442
92241
47325
18885
75108
36094
59581
33930
73251
59296
35382
9917
11956
22256
83029
93233
22268
64253
13432
28960
25417
32716
95779
69819
40530
13955
38565
41441
38593
65440
96834
50381
34262
13189
95599
91519
72618
98337
72195
22407
8775
87328
71434
96967
65627
11452
30618
44285
32327
22199
61863
59337
245
42506
43989
12136
61728
15632
60931
93415
85737
9968
46773
15711
51877
25717
98525
85176
44797
68275
40048
74513
17754
99379
29922
76279
1014
93422
64662
22483
7708
23438
68244
52088
68384
41118
52845
37243
165
13417
47020
44389
80628
51354
76828
92122
76456
62142
69607
15356
61524
99221
22561
41523
67829
94430
93942
78299
45928
58518
35856
40026
90334
42294
23441
7351
79271
4959
28765
7899
19053
75767
79905
17171
45862
50113
81706
92376
55125
63770
64535
78438
99140
41316
89950
58870
72999
48980
21515
90549
59640
94181
61495
51989
46956
66085
45129
2883
489
38557
1763
16190
37172
80599
21697
79810
32945
27589
87542
34657
11885
87734
75041
53510
46537
55119
84442
41222
75458
39170
2990
61191
37416
69350
12538
97134
40008
55792
608
37584
10296
1172
54985
30479
20687
3760
67808
88933
79622
94584
80826
76984
18544
99875
34402
35622
71390
77485
87699
27898
95465
17804
6387
93719
68218
24401
10443
47768
83532
68863
64306
79472
95652
62916
45790
38198
67673
63113
48331
38613
67711
53876
18574
60988
51562
82835
55034
2095
23486
53876
5326
77332
47548
43076
70645
83764
69317
30657
20827
65783
21840
84480
66190
15991
1869
30565
81308
34335
38277
98270
89184
20986
51122
69235
96841
78287
53344
53002
92591
66772
3840
95820
32980
25167
60362
77624
65488
2589
6689
64587
78869
40454
928
40609
50358
62275
3727
54943
76062
91835
58056
97947
38193
77997
23740
6148
45662
79519
36604
57236
86217
78896
7032
58796
72050
3808
7484
19889
55298
3208
26866
44437
55171
79805
